0 
0 
0 
0 
0 
0 
0 
0 
0 
0 
0 
0 
0 
0 
0 
0 
0 
0 
0 
0 
0 
0 
0 
0 
0 
0 
0 
0 
0 
0 
0 
0 
0 
0 
0 
0 
0 
0 
0 
0 
0 
0 
0 
0 
0 
0 
0 
0 
0 
0 
0 
0 
0 
0 
0 
0 
0 
0 
0 
0 
0 
0 
2 
3 
4 
5 
0 
0 
0 
0 
0 
0 
0 
0 
0 
0 
0 
0 
0 
0 
0 
0 
0 
0 
0 
0 
0 
0 
0 
0 
0 
0 
0 
0 
0 
0 
0 
0 
0 
0 
0 
0 
0 
0 
0 
0 
0 
0 
0 
0 
0 
0 
0 
0 
0 
0 
0 
0 
0 
0 
0 
0 
0 
0 
0 
0 
-1199 
1171 
-737 
751 
1400 
1116 
-183 
-1116 
1970 
-303 
1836 
1291 
-279 
130 
986 
-1926 
1565 
1568 
1051 
-627 
367 
546 
-1004 
1211 
-943 
-878 
212 
-544 
-895 
1926 
-1643 
814 
210 
-994 
-459 
1547 
345 
-1705 
1548 
-774 
929 
-957 
-2026 
1446 
-2034 
1862 
-251 
-851 
-1987 
-1656 
534 
-197 
867 
1695 
-638 
1605 
1900 
1256 
1728 
-2022 
-1435 
1028 
0 
0 
0 
0 
0 
0 
0 
0 
0 
0 
0 
0 
0 
0 
0 
0 
0 
0 
0 
0 
0 
0 
0 
0 
0 
0 
0 
0 
0 
0 
0 
0 
0 
0 
0 
0 
0 
0 
0 
0 
0 
0 
0 
0 
0 
0 
0 
0 
0 
0 
0 
0 
0 
0 
0 
0 
0 
0 
0 
0 
0 
0 
