        cfo  sto   snr  txp     ber  invalid
1551.128016    0 20.99  -15 0.00000      0.0
1627.032762    3 21.10  -15 0.00000      0.0
1340.496484    6 21.09  -15 0.00000      0.0
1571.047148    5 21.03  -15 0.00000      0.0
1201.740717    7 20.93  -15 0.00000      0.0
1505.952006    0 20.79  -15 0.00000      0.0
1494.478593    3 21.11  -15 0.00000      0.0
1641.787038    6 21.05  -15 0.00000      0.0
1755.417076    5 21.08  -15 0.00000      0.0
1462.149386    7 20.99  -15 0.00000      0.0
1617.925961    0 20.83  -15 0.00000      0.0
1678.861091    0 21.00  -15 0.00000      0.0
1504.365173    1 21.07  -15 0.00000      0.0
1638.257158    0 21.07  -15 0.00000      0.0
1764.248535    5 21.08  -15 0.00000      0.0
1614.390034    6 21.00  -15 0.00000      0.0
1351.127863    4 20.87  -15 0.00000      0.0
1801.840663    0 21.07  -15 0.00000      0.0
1332.245236    6 21.06  -15 0.00000      0.0
1637.642678    3 21.05  -15 0.00000      0.0
1361.820904    1 21.03  -15 0.00000      0.0
1514.339621    1 20.85  -15 0.00000      0.0
1570.395434    6 20.97  -15 0.00000      0.0
1628.293264    4 21.07  -15 0.00000      0.0
1324.273362    3 21.11  -15 0.00000      0.0
1496.922520    0 21.11  -15 0.00000      0.0
1610.674577    5 21.11  -15 0.00000      0.0
1529.813675    7 20.94  -15 0.00000      0.0
1650.120817    3 21.24  -15 0.00000      0.0
1350.406306    6 21.15  -15 0.00000      0.0
1855.866629    5 21.18  -15 0.00000      0.0
1454.569181    5 21.14  -15 0.00000      0.0
1525.858569    1 20.88  -15 0.00000      0.0
1554.009027    2 21.05  -15 0.00000      0.0
1647.210279    0 21.18  -15 0.00000      0.0
1420.098663    0 21.12  -15 0.00000      0.0
1318.133899    7 21.19  -15 0.00000      0.0
1799.360687    7 21.11  -15 0.00000      0.0
1434.741118    1 20.95  -15 0.00000      0.0
1441.809534    0 21.21  -15 0.00000      0.0
1452.517041    1 21.24  -15 0.00000      0.0
1741.323764    4 21.24  -15 0.00000      0.0
1466.393827    7 21.19  -15 0.00000      0.0
1611.912312    6 21.02  -15 0.00000      0.0
1382.025338    1 21.13  -15 0.00000      0.0
1474.380880    6 21.24  -15 0.00000      0.0
1892.530871    6 21.29  -15 0.00000      0.0
1510.381906    6 21.29  -15 0.00000      0.0
1641.877395    4 21.18  -15 0.00000      0.0
1829.511941    2 21.19  -15 0.00000      0.0
1678.921922    1 21.40  -15 0.00000      0.0
1559.896864    1 21.41  -15 0.00000      0.0
1838.858035    6 21.39  -15 0.00000      0.0
1344.648195    4 21.36  -15 0.00000      0.0
1348.070405    2 21.29  -15 0.00000      0.0
1588.982205    0 21.34  -15 0.00000      0.0
1545.889877    0 21.42  -15 0.00000      0.0
1611.203561    3 21.46  -15 0.00000      0.0
1518.579081    4 21.40  -15 0.00000      0.0
1539.703101    5 21.42  -15 0.00000      0.0
1292.297641    6 21.21  -15 0.00000      0.0
1374.788658    7 21.40  -15 0.00000      0.0
1464.155992    5 21.42  -15 0.00000      0.0
1668.939648    6 21.42  -15 0.00000      0.0
1390.122551    5 21.34  -15 0.00000      0.0
1306.353839    6 21.20  -15 0.00000      0.0
1514.802081    3 21.29  -15 0.00000      0.0
1402.903424    1 21.37  -15 0.00000      0.0
1495.696287    1 21.41  -15 0.00000      0.0
1356.702056    1 21.39  -15 0.00000      0.0
1307.002707    2 21.30  -15 0.00000      0.0
1340.078372    5 21.06  -15 0.00000      0.0
1621.802568    4 21.39  -15 0.00000      0.0
1233.918141    7 21.36  -15 0.00000      0.0
1214.535938    0 21.33  -15 0.00000      0.0
1873.470374    4 21.30  -15 0.00000      0.0
1503.650730    7 21.10  -15 0.00000      0.0
1428.393192    2 21.14  -15 0.00000      0.0
1396.501308    7 21.24  -15 0.00000      0.0
1556.067452    6 21.19  -15 0.00000      0.0
1739.102766    1 21.16  -15 0.00000      0.0
1687.104868    7 21.11  -15 0.00000      0.0
1426.332989    7 20.88  -15 0.00000      0.0
1416.563565    3 21.14  -15 0.00000      0.0
1316.113776    1 21.11  -15 0.00000      0.0
1811.607715    7 21.14  -15 0.00000      0.0
1562.188416    7 21.11  -15 0.00000      0.0
1462.308639    1 20.99  -15 0.00000      0.0
1660.527962    1 21.06  -15 0.00000      0.0
1485.741524    1 21.11  -15 0.00000      0.0
1511.385801    0 21.23  -15 0.00000      0.0
1578.809610    3 21.11  -15 0.00000      0.0
1494.217125    4 21.14  -15 0.00000      0.0
1541.006292    5 21.15  -15 0.00000      0.0
1523.814492    3 21.22  -15 0.00000      0.0
1629.063320    0 21.25  -15 0.00000      0.0
1362.240676    5 21.26  -15 0.00000      0.0
1631.478788    6 21.14  -15 0.00000      0.0
1481.670565    0 21.04  -15 0.00000      0.0
1487.895524    5 21.10  -15 0.00000      0.0
1594.536358    0 26.93  -10 0.00000      0.0
1617.840821    2 26.94  -10 0.00000      0.0
1656.762227    1 26.91  -10 0.00000      0.0
1515.477393    0 27.02  -10 0.00000      0.0
1581.656234    5 27.07  -10 0.00000      0.0
1511.435605    0 27.05  -10 0.00000      0.0
1406.253537    1 26.98  -10 0.00000      0.0
1610.528131    7 26.89  -10 0.00000      0.0
1634.370116    0 26.95  -10 0.00000      0.0
1567.636203    6 27.08  -10 0.00000      0.0
1536.912210    1 27.15  -10 0.00000      0.0
1472.891756    2 27.10  -10 0.00000      0.0
1675.434968    2 27.12  -10 0.00000      0.0
1569.588736    1 27.11  -10 0.00000      0.0
1525.993512    2 27.16  -10 0.00000      0.0
1503.580887    1 27.16  -10 0.00000      0.0
1526.924363    7 27.18  -10 0.00000      0.0
1528.519378    0 27.07  -10 0.00000      0.0
1579.992324    4 27.00  -10 0.00000      0.0
1477.083548    7 27.06  -10 0.00000      0.0
1532.257128    1 27.14  -10 0.00000      0.0
1435.136344    2 27.14  -10 0.00000      0.0
1636.591113    2 27.08  -10 0.00000      0.0
1527.890431    5 27.04  -10 0.00000      0.0
1682.321009    0 27.03  -10 0.00000      0.0
1659.010498    0 27.14  -10 0.00000      0.0
1564.258817    1 27.17  -10 0.00000      0.0
1533.688622    4 27.16  -10 0.00000      0.0
1493.455369    5 27.12  -10 0.00000      0.0
1553.522851    0 26.98  -10 0.00000      0.0
1550.486144    0 27.10  -10 0.00000      0.0
1550.769549    3 27.22  -10 0.00000      0.0
1607.074973    2 27.20  -10 0.00000      0.0
1632.989374    6 27.15  -10 0.00000      0.0
1571.792421    4 27.20  -10 0.00000      0.0
1580.254978    6 27.15  -10 0.00000      0.0
1491.128954    6 27.26  -10 0.00000      0.0
1576.412759    1 27.24  -10 0.00000      0.0
1461.847245    2 27.27  -10 0.00000      0.0
1523.355470    2 27.17  -10 0.00000      0.0
1530.023917    0 27.06  -10 0.00000      0.0
1520.555449    1 27.14  -10 0.00000      0.0
1639.136900    0 27.24  -10 0.00000      0.0
1454.397477    7 27.23  -10 0.00000      0.0
1603.280779    1 27.15  -10 0.00000      0.0
1532.729668    1 27.16  -10 0.00000      0.0
1620.321389    7 27.15  -10 0.00000      0.0
1597.443220    7 27.23  -10 0.00000      0.0
1547.266824    2 27.24  -10 0.00000      0.0
1680.743425    2 27.23  -10 0.00000      0.0
1643.531107    2 27.16  -10 0.00000      0.0
1529.469557    0 27.03  -10 0.00000      0.0
1421.186868    2 27.16  -10 0.00000      0.0
1657.034249    0 27.25  -10 0.00000      0.0
1561.729276    0 27.27  -10 0.00000      0.0
1503.739309    4 27.15  -10 0.00000      0.0
1491.871144    5 27.23  -10 0.00000      0.0
1528.114191    1 27.17  -10 0.00000      0.0
1564.468585    2 27.26  -10 0.00000      0.0
1382.626300    7 27.26  -10 0.00000      0.0
1600.946301    5 27.26  -10 0.00000      0.0
1481.178815    4 27.19  -10 0.00000      0.0
1569.989180    6 27.02  -10 0.00000      0.0
1452.364073    7 27.15  -10 0.00000      0.0
1412.848820    4 27.24  -10 0.00000      0.0
1676.386926    5 27.24  -10 0.00000      0.0
1553.945587    6 27.16  -10 0.00000      0.0
1397.608249    5 27.18  -10 0.00000      0.0
1627.027900    2 27.16  -10 0.00000      0.0
1509.431489    2 27.24  -10 0.00000      0.0
1497.436207    0 27.26  -10 0.00000      0.0
1496.719630    7 27.27  -10 0.00000      0.0
1676.306410    0 27.19  -10 0.00000      0.0
1501.623018    1 27.12  -10 0.00000      0.0
1375.943268    2 27.17  -10 0.00000      0.0
1532.312267    1 27.25  -10 0.00000      0.0
1540.834707    4 27.26  -10 0.00000      0.0
1604.522427    1 27.21  -10 0.00000      0.0
1694.759542    2 27.19  -10 0.00000      0.0
1490.110118    1 27.15  -10 0.00000      0.0
1585.076427    3 27.27  -10 0.00000      0.0
1594.472799    6 27.27  -10 0.00000      0.0
1468.908072    5 27.24  -10 0.00000      0.0
1403.798819    2 27.20  -10 0.00000      0.0
1572.310851    0 27.05  -10 0.00000      0.0
1467.851527    7 27.24  -10 0.00000      0.0
1571.012878    7 27.27  -10 0.00000      0.0
1595.131628    5 27.29  -10 0.00000      0.0
1553.890922    1 27.20  -10 0.00000      0.0
1570.103016    2 27.19  -10 0.00000      0.0
1521.227795    7 27.16  -10 0.00000      0.0
1634.793683    0 27.23  -10 0.00000      0.0
1553.965864    6 27.27  -10 0.00000      0.0
1575.739464    7 27.22  -10 0.00000      0.0
1548.258506    1 27.15  -10 0.00000      0.0
1513.570157    0 27.08  -10 0.00000      0.0
1534.753349    1 27.28  -10 0.00000      0.0
1501.485940    7 27.25  -10 0.00000      0.0
1579.308119    1 27.27  -10 0.00000      0.0
1604.683814    3 27.18  -10 0.00000      0.0
1524.205924    5 32.33   -5 0.00000      0.0
1566.124194    5 32.27   -5 0.00000      0.0
1444.845410    6 32.16   -5 0.00000      0.0
1455.221606    4 32.33   -5 0.00000      0.0
1505.475909    4 32.34   -5 0.00000      0.0
1508.214506    3 32.33   -5 0.00000      0.0
1582.223045    3 32.26   -5 0.00000      0.0
1599.151479    7 32.25   -5 0.00000      0.0
1545.386032    5 32.23   -5 0.00000      0.0
1490.254073    3 32.31   -5 0.00000      0.0
1604.439658    6 32.33   -5 0.00000      0.0
1634.013903    3 32.34   -5 0.00000      0.0
1513.124772    3 32.24   -5 0.00000      0.0
1521.184277    7 32.13   -5 0.00000      0.0
1546.424079    7 32.33   -5 0.00000      0.0
1494.818205    4 32.30   -5 0.00000      0.0
1638.380718    6 32.34   -5 0.00000      0.0
1597.140723    5 32.32   -5 0.00000      0.0
1603.668890    5 32.33   -5 0.00000      0.0
1532.865086    6 32.34   -5 0.00000      0.0
1498.419351    5 32.45   -5 0.00000      0.0
1561.081949    6 32.43   -5 0.00000      0.0
1480.798412    6 32.43   -5 0.00000      0.0
1654.610125    7 32.34   -5 0.00000      0.0
1617.015269    6 32.22   -5 0.00000      0.0
1522.976490    5 32.41   -5 0.00000      0.0
1596.322049    6 32.42   -5 0.00000      0.0
1585.080696    6 32.40   -5 0.00000      0.0
1554.194486    6 32.34   -5 0.00000      0.0
1585.312401    6 32.33   -5 0.00000      0.0
1523.073844    1 32.30   -5 0.00000      0.0
1487.530061    3 32.40   -5 0.00000      0.0
1468.763998    3 32.41   -5 0.00000      0.0
1540.466873    2 32.45   -5 0.00000      0.0
1550.441321    6 32.40   -5 0.00000      0.0
1567.298963    5 32.30   -5 0.00000      0.0
1627.455498    6 32.40   -5 0.00000      0.0
1521.171233    6 32.48   -5 0.00000      0.0
1592.413545    6 32.47   -5 0.00000      0.0
1501.194471    6 32.41   -5 0.00000      0.0
1518.035986    6 32.41   -5 0.00000      0.0
1614.578457    5 32.35   -5 0.00000      0.0
1511.192279    4 32.44   -5 0.00000      0.0
1681.398103    5 32.46   -5 0.00000      0.0
1461.836336    3 32.43   -5 0.00000      0.0
1522.705298    4 32.35   -5 0.00000      0.0
1483.685589    3 32.23   -5 0.00000      0.0
1564.288225    6 32.34   -5 0.00000      0.0
1509.819719    5 32.45   -5 0.00000      0.0
1520.000851    4 32.45   -5 0.00000      0.0
1527.607738    4 32.40   -5 0.00000      0.0
1536.770863    4 32.37   -5 0.00000      0.0
1631.490172    5 32.36   -5 0.00000      0.0
1559.252383    5 32.45   -5 0.00000      0.0
1487.318159    5 32.45   -5 0.00000      0.0
1582.997726    4 32.47   -5 0.00000      0.0
1474.725591    2 32.39   -5 0.00000      0.0
1520.670234    3 32.25   -5 0.00000      0.0
1568.833265    4 32.36   -5 0.00000      0.0
1578.129200    5 32.47   -5 0.00000      0.0
1610.878534    3 32.46   -5 0.00000      0.0
1484.189790    6 32.40   -5 0.00000      0.0
1444.725882    4 32.40   -5 0.00000      0.0
1631.093760    2 32.38   -5 0.00000      0.0
1528.187711    5 32.48   -5 0.00000      0.0
1585.551102    6 32.47   -5 0.00000      0.0
1534.767460    4 32.45   -5 0.00000      0.0
1603.987039    6 32.39   -5 0.00000      0.0
1625.150309    4 32.26   -5 0.00000      0.0
1561.916631    6 32.37   -5 0.00000      0.0
1581.156183    6 32.46   -5 0.00000      0.0
1536.131126    5 32.45   -5 0.00000      0.0
1565.535683    5 32.40   -5 0.00000      0.0
1660.907298    3 32.39   -5 0.00000      0.0
1439.115403    6 32.37   -5 0.00000      0.0
1573.026242    7 32.46   -5 0.00000      0.0
1500.641178    2 32.45   -5 0.00000      0.0
1610.284806    2 32.46   -5 0.00000      0.0
1510.622622    6 32.38   -5 0.00000      0.0
1648.230420    7 32.25   -5 0.00000      0.0
1586.552151    6 32.37   -5 0.00000      0.0
1628.864818    7 32.44   -5 0.00000      0.0
1522.081569    7 32.47   -5 0.00000      0.0
1510.828358    6 32.40   -5 0.00000      0.0
1458.104989    6 32.40   -5 0.00000      0.0
1572.995768    2 32.38   -5 0.00000      0.0
1627.028967    4 32.48   -5 0.00000      0.0
1526.748035    7 32.45   -5 0.00000      0.0
1505.365392    7 32.46   -5 0.00000      0.0
1458.227957    4 32.39   -5 0.00000      0.0
1535.496369    4 32.27   -5 0.00000      0.0
1590.810466    3 32.37   -5 0.00000      0.0
1583.285874    1 32.47   -5 0.00000      0.0
1641.832572    7 32.47   -5 0.00000      0.0
1464.902095    7 32.40   -5 0.00000      0.0
1568.217007    2 32.39   -5 0.00000      0.0
1589.942107    5 32.36   -5 0.00000      0.0
1577.107518    7 32.46   -5 0.00000      0.0
1573.078062    6 32.44   -5 0.00000      0.0
1596.754272    2 32.47   -5 0.00000      0.0
1553.934797    0 37.26    0 0.00000      0.0
1528.905711    0 37.39    0 0.00000      0.0
1576.727707    7 37.50    0 0.00000      0.0
1570.935446    7 37.50    0 0.00000      0.0
1544.541863    6 37.49    0 0.00000      0.0
1594.141132    2 37.40    0 0.00000      0.0
1564.660328    1 37.27    0 0.00000      0.0
1482.922055    0 37.46    0 0.00000      0.0
1517.770842    0 37.43    0 0.00000      0.0
1510.785551    0 37.45    0 0.00000      0.0
1507.799833    5 37.41    0 0.00000      0.0
1528.394751    5 37.27    0 0.00000      0.0
1532.572194    5 37.39    0 0.00000      0.0
1477.948112    5 37.48    0 0.00000      0.0
1610.507973    6 37.49    0 0.00000      0.0
1542.451185    4 37.46    0 0.00000      0.0
1622.782392    4 37.40    0 0.00000      0.0
1536.732443    6 37.26    0 0.00000      0.0
1600.002644    1 37.45    0 0.00000      0.0
1474.182614    1 37.44    0 0.00000      0.0
1518.674419    0 37.43    0 0.00000      0.0
1522.142519    6 37.37    0 0.00000      0.0
1587.757632    7 37.25    0 0.00000      0.0
1522.088091    0 37.36    0 0.00000      0.0
1592.000295    1 37.51    0 0.00000      0.0
1556.007569    6 37.51    0 0.00000      0.0
1506.516090    0 37.47    0 0.00000      0.0
1556.544617    1 37.49    0 0.00000      0.0
1522.154970    6 37.46    0 0.00000      0.0
1537.367675    5 37.55    0 0.00000      0.0
1585.833559    5 37.53    0 0.00000      0.0
1536.092943    6 37.56    0 0.00000      0.0
1544.767046    6 37.48    0 0.00000      0.0
1505.834849    0 37.30    0 0.00000      0.0
1594.484657    0 37.41    0 0.00000      0.0
1531.326040    1 37.46    0 0.00000      0.0
1532.135584    0 37.41    0 0.00000      0.0
1521.702233    0 37.17    0 0.00000      0.0
1529.469438    0 37.19    0 0.00000      0.0
1513.433079    6 37.19    0 0.00000      0.0
1450.369563    4 37.26    0 0.00000      0.0
1587.026826    5 37.23    0 0.00000      0.0
1533.012836    4 37.29    0 0.00000      0.0
1449.120208    0 37.29    0 0.00000      0.0
1560.187028    0 37.14    0 0.00000      0.0
1553.243003    1 37.41    0 0.00000      0.0
1559.268629    1 37.47    0 0.00000      0.0
1498.769635    0 37.47    0 0.00000      0.0
1585.587624    5 37.40    0 0.00000      0.0
1508.141105    5 37.42    0 0.00000      0.0
1495.200150    6 37.37    0 0.00000      0.0
1522.264893    7 37.48    0 0.00000      0.0
1567.949135    1 37.48    0 0.00000      0.0
1493.748023    1 37.48    0 0.00000      0.0
1544.634000    1 37.41    0 0.00000      0.0
1494.335586    1 37.25    0 0.00000      0.0
1528.150951    6 37.47    0 0.00000      0.0
1560.535297    6 37.46    0 0.00000      0.0
1583.857191    5 37.47    0 0.00000      0.0
1511.960912    5 37.40    0 0.00000      0.0
1520.066900    6 37.40    0 0.00000      0.0
1534.112781    7 37.36    0 0.00000      0.0
1478.469270    1 37.46    0 0.00000      0.0
1524.124104    0 37.47    0 0.00000      0.0
1556.286943    6 37.48    0 0.00000      0.0
1542.009357    0 37.41    0 0.00000      0.0
1604.537486    6 37.26    0 0.00000      0.0
1498.749358    6 37.47    0 0.00000      0.0
1519.614875    1 37.48    0 0.00000      0.0
1502.368054    1 37.49    0 0.00000      0.0
1575.482265    5 37.40    0 0.00000      0.0
1537.594755    6 37.42    0 0.00000      0.0
1539.015102    7 37.38    0 0.00000      0.0
1578.908861    7 37.48    0 0.00000      0.0
1555.373879    6 37.48    0 0.00000      0.0
1504.198331    6 37.48    0 0.00000      0.0
1508.043159    1 37.42    0 0.00000      0.0
1542.164222    1 37.24    0 0.00000      0.0
1532.758364    1 37.48    0 0.00000      0.0
1613.919391    6 37.50    0 0.00000      0.0
1532.703818    6 37.47    0 0.00000      0.0
1572.735248    1 37.41    0 0.00000      0.0
1546.454435    0 37.23    0 0.00000      0.0
1558.354261    1 37.38    0 0.00000      0.0
1457.185997    1 37.48    0 0.00000      0.0
1532.322347    7 37.47    0 0.00000      0.0
1487.320175    6 37.49    0 0.00000      0.0
1455.097097    0 37.41    0 0.00000      0.0
1542.169203    1 37.24    0 0.00000      0.0
1596.033308    5 37.49    0 0.00000      0.0
1477.988666    3 37.48    0 0.00000      0.0
1559.035264    0 37.48    0 0.00000      0.0
1513.543477    0 37.42    0 0.00000      0.0
1533.622691    7 37.29    0 0.00000      0.0
1517.300674    7 37.38    0 0.00000      0.0
1514.468280    6 37.48    0 0.00000      0.0
1609.714200    6 37.48    0 0.00000      0.0
1485.151590    7 37.48    0 0.00000      0.0
1496.099695    6 37.41    0 0.00000      0.0
1624.498240    7 37.27    0 0.00000      0.0
1462.996401    4 42.48    5 0.00000      0.0
1474.549619    1 42.40    5 0.00000      0.0
1486.251416    2 42.25    5 0.00000      0.0
1563.487931    5 42.40    5 0.00000      0.0
1501.702111    5 42.50    5 0.00000      0.0
1568.560295    0 42.49    5 0.00000      0.0
1488.973769    1 42.45    5 0.00000      0.0
1577.478435    5 42.46    5 0.00000      0.0
1533.748623    4 42.33    5 0.00000      0.0
1553.583089    7 42.54    5 0.00000      0.0
1484.127417    6 42.53    5 0.00000      0.0
1511.027098    7 42.52    5 0.00000      0.0
1552.351046    0 42.45    5 0.00000      0.0
1545.328521    3 42.28    5 0.00000      0.0
1499.281900    6 42.41    5 0.00000      0.0
1488.331778    7 42.51    5 0.00000      0.0
1539.091705    7 42.52    5 0.00000      0.0
1549.977911    0 42.45    5 0.00000      0.0
1526.014145    7 42.46    5 0.00000      0.0
1508.825192    7 42.43    5 0.00000      0.0
1535.962506    5 42.54    5 0.00000      0.0
1572.188951    5 42.51    5 0.00000      0.0
1495.040542    3 42.52    5 0.00000      0.0
1495.570711    3 42.44    5 0.00000      0.0
1523.094358    6 42.31    5 0.00000      0.0
1500.982095    4 42.40    5 0.00000      0.0
1498.318203    7 42.50    5 0.00000      0.0
1515.759375    6 42.51    5 0.00000      0.0
1576.590866    1 42.42    5 0.00000      0.0
1490.257512    2 42.42    5 0.00000      0.0
1527.617224    0 42.39    5 0.00000      0.0
1483.746895    7 42.49    5 0.00000      0.0
1566.516693    1 42.48    5 0.00000      0.0
1572.907426    1 42.49    5 0.00000      0.0
1517.913968    1 42.42    5 0.00000      0.0
1548.446929    1 42.26    5 0.00000      0.0
1511.292479    2 42.39    5 0.00000      0.0
1547.872411    6 42.50    5 0.00000      0.0
1556.128639    0 42.48    5 0.00000      0.0
1512.804607    2 42.42    5 0.00000      0.0
1469.888133    3 42.45    5 0.00000      0.0
1575.624916    5 42.45    5 0.00000      0.0
1538.400978    6 42.57    5 0.00000      0.0
1568.262067    6 42.59    5 0.00000      0.0
1561.708524    6 42.58    5 0.00000      0.0
1559.759311    7 42.49    5 0.00000      0.0
1529.698179    7 42.37    5 0.00000      0.0
1491.751142    1 42.46    5 0.00000      0.0
1498.139977    1 42.55    5 0.00000      0.0
1521.731640    1 42.56    5 0.00000      0.0
1516.632596    2 42.52    5 0.00000      0.0
1498.148871    1 42.49    5 0.00000      0.0
1558.427306    1 42.46    5 0.00000      0.0
1541.223056    0 42.56    5 0.00000      0.0
1477.567590    0 42.56    5 0.00000      0.0
1541.132461    0 42.57    5 0.00000      0.0
1510.272575    1 42.46    5 0.00000      0.0
1534.861138    3 42.30    5 0.00000      0.0
1487.568362    6 42.56    5 0.00000      0.0
1486.954357    6 42.53    5 0.00000      0.0
1599.699317    3 42.52    5 0.00000      0.0
1555.138736    3 42.43    5 0.00000      0.0
1521.408036    3 42.45    5 0.00000      0.0
1486.666445    3 42.40    5 0.00000      0.0
1569.426519    0 42.51    5 0.00000      0.0
1525.502118    0 42.53    5 0.00000      0.0
1468.476442    2 42.55    5 0.00000      0.0
1516.831928    1 42.47    5 0.00000      0.0
1486.052321    5 42.35    5 0.00000      0.0
1551.802141    6 42.50    5 0.00000      0.0
1502.878540    0 42.52    5 0.00000      0.0
1519.217514    6 42.50    5 0.00000      0.0
1492.012966    7 42.46    5 0.00000      0.0
1567.793322    0 42.43    5 0.00000      0.0
1519.610962    1 42.41    5 0.00000      0.0
1468.775856    1 42.51    5 0.00000      0.0
1495.028091    0 42.50    5 0.00000      0.0
1517.800724    0 42.52    5 0.00000      0.0
1531.664704    2 42.45    5 0.00000      0.0
1562.762816    1 42.28    5 0.00000      0.0
1546.493092    1 42.51    5 0.00000      0.0
1491.988182    0 42.51    5 0.00000      0.0
1546.973933    1 42.50    5 0.00000      0.0
1471.579316    3 42.43    5 0.00000      0.0
1497.348339    3 42.43    5 0.00000      0.0
1510.561554    3 42.41    5 0.00000      0.0
1516.640185    2 42.51    5 0.00000      0.0
1528.855314    2 42.51    5 0.00000      0.0
1764.188059    2 42.38    5 0.45250      1.0
1765.999719    2 42.36    5 0.45375      1.0
1745.472748    2 42.37    5 0.45375      1.0
1724.743242    7 42.39    5 0.45375      1.0
1801.646429    0 42.37    5 0.45375      1.0
1750.822826    3 42.40    5 0.45375      1.0
1739.067548    2 42.39    5 0.45375      1.0
1681.777202    7 42.22    5 0.45375      1.0
1765.506309    0 42.37    5 0.45375      1.0
1787.681301    0 42.36    5 0.45375      1.0
1725.873900    7 42.39    5 0.45375      1.0
1737.743488    7 42.41    5 0.45375      1.0
1719.832621    0 42.39    5 0.45375      1.0
1762.148133    3 42.41    5 0.45375      1.0
1733.413907    4 47.07   10 0.45250      1.0
1735.057777    4 47.07   10 0.45375      1.0
1692.453523    3 47.06   10 0.45250      1.0
1780.654270    5 46.91   10 0.45375      1.0
1766.095769    2 47.08   10 0.45375      1.0
1771.188647    2 47.11   10 0.45250      1.0
1695.328487    3 47.12   10 0.45375      1.0
1760.792767    3 47.14   10 0.45375      1.0
1752.882199    7 47.17   10 0.45375      1.0
1732.567959    0 46.98   10 0.45375      1.0
1761.591046    2 47.13   10 0.45375      1.0
1766.228934    3 47.14   10 0.45250      1.0
1773.071811    2 47.13   10 0.45375      1.0
1747.389233    2 47.11   10 0.45250      1.0
1731.763752    2 46.99   10 0.45250      1.0
1688.873721    1 47.14   10 0.45375      1.0
1750.873578    2 47.15   10 0.45375      1.0
1739.632106    7 47.19   10 0.45375      1.0
1650.715494    6 47.20   10 0.45375      1.0
1736.524489    7 47.21   10 0.45375      1.0
1695.560666    6 47.05   10 0.45375      1.0
1741.402501    7 47.19   10 0.45375      1.0
1715.488810    7 47.16   10 0.45375      1.0
1647.168895    6 47.14   10 0.45375      1.0
1774.575401    0 47.13   10 0.45375      1.0
1769.496871    1 46.99   10 0.45375      1.0
1751.257657    0 47.13   10 0.45375      1.0
1773.469172    0 47.14   10 0.45375      1.0
1713.388883    0 47.13   10 0.45375      1.0
1714.714011    7 47.16   10 0.45375      1.0
1757.901676    0 47.15   10 0.45375      1.0
1660.462743    6 47.02   10 0.45375      1.0
1694.716142    6 47.16   10 0.45375      1.0
1771.551975    1 47.15   10 0.45250      1.0
1718.320019    0 47.14   10 0.45375      1.0
1769.556161    2 47.14   10 0.45375      1.0
1768.312260    1 47.01   10 0.45375      1.0
1788.167715    0 47.14   10 0.45375      1.0
1690.544865    6 47.17   10 0.45375      1.0
1579.198196    6 47.16   10 0.45375      1.0
1767.401924    0 47.14   10 0.45375      1.0
1698.964259    0 47.13   10 0.45375      1.0
1749.212632    0 47.15   10 0.45375      1.0
1716.338078    0 47.14   10 0.45375      1.0
1712.405502    6 47.16   10 0.45375      1.0
1776.358958    7 47.17   10 0.45375      1.0
1687.410922    7 47.17   10 0.45375      1.0
1702.967746    0 47.03   10 0.45375      1.0
1752.599623    1 47.17   10 0.45250      1.0
1755.155964    0 47.19   10 0.45375      1.0
1737.211184    0 47.18   10 0.45375      1.0
1776.697978    0 47.19   10 0.45375      1.0
1733.542091    0 47.18   10 0.45375      1.0
1757.174427    7 47.04   10 0.45375      1.0
1736.437095    2 47.17   10 0.45375      1.0
1731.634737    1 47.16   10 0.45375      1.0
1783.498403    1 47.16   10 0.45250      1.0
1801.126813    2 47.14   10 0.45250      1.0
1773.994480    1 47.00   10 0.45250      1.0
1800.353318    3 47.15   10 0.45375      1.0
1744.365807    4 47.14   10 0.43875      1.0
1770.244990    0 47.14   10 0.45375      1.0
1803.224962    0 47.14   10 0.45375      1.0
1721.968952    7 47.17   10 0.45375      1.0
1755.154067    0 47.02   10 0.45375      1.0
1765.546152    7 47.17   10 0.45375      1.0
1707.758009    7 47.15   10 0.44375      1.0
1729.031795    3 47.15   10 0.45375      1.0
1751.988938    3 47.15   10 0.45375      1.0
1751.882216    0 47.02   10 0.45375      1.0
1745.458637    7 47.18   10 0.45375      1.0
1783.468521    0 47.16   10 0.45375      1.0
1755.284149    1 47.17   10 0.45375      1.0
1736.999400    2 47.16   10 0.45375      1.0
1783.905131    1 47.16   10 0.45375      1.0
1750.575587    0 47.02   10 0.45375      1.0
1710.331899    7 47.17   10 0.45375      1.0
1774.828332    1 47.17   10 0.45375      1.0
1749.649005    1 47.15   10 0.45375      1.0
1764.043036    3 47.16   10 0.47250      1.0
1599.424449    6 46.99   10 0.45375      1.0
1659.343351    6 47.16   10 0.46375      1.0
1728.010587    3 47.13   10 0.45250      1.0
1820.143080    5 47.15   10 0.45250      1.0
1712.773810    2 47.15   10 0.45250      1.0
1695.515369    1 47.15   10 0.45250      1.0
1724.298094    3 47.00   10 0.45375      1.0
1783.583662    3 47.14   10 0.45375      1.0
1756.682796    0 47.13   10 0.45375      1.0
1804.871915    7 47.17   10 0.45500      1.0
1749.193659    3 47.13   10 0.45250      1.0
1789.154891    3 47.00   10 0.45250      1.0
1753.781744    3 47.13   10 0.45250      1.0
1782.464863    3 47.14   10 0.45375      1.0
1729.728806    1 47.13   10 0.45250      1.0
1721.033122    1 47.13   10 0.45250      1.0
1763.350650    2 47.13   10 0.45250      1.0
1737.589334    1 46.99   10 0.45250      1.0
1778.305562    4 47.13   10 0.45375      1.0
1768.204590    4 47.14   10 0.45375      1.0
1777.086919    5 50.80   15 0.45375      1.0
1786.753771    4 50.80   15 0.45375      1.0
1761.026844    3 50.81   15 0.45250      1.0
1792.086892    2 50.79   15 0.45375      1.0
1745.345749    1 50.80   15 0.45250      1.0
1758.209391    1 50.82   15 0.45250      1.0
1780.764193    2 50.84   15 0.45375      1.0
1728.555579    2 50.83   15 0.45250      1.0
1718.464686    1 50.69   15 0.45375      1.0
1825.386317    1 50.86   15 0.45375      1.0
1749.959447    7 50.87   15 0.45375      1.0
1768.507798    0 50.82   15 0.45375      1.0
1726.498340    0 50.80   15 0.46375      1.0
1738.394727    4 50.81   15 0.45250      1.0
1804.960375    4 50.81   15 0.45375      1.0
1742.297659    3 50.81   15 0.45375      1.0
1800.145685    3 50.84   15 0.45375      1.0
1761.818482    1 50.85   15 0.45375      1.0
1774.248121    2 50.84   15 0.45375      1.0
1725.815677    2 50.69   15 0.45375      1.0
1759.016325    2 50.84   15 0.45375      1.0
1784.668903    1 50.83   15 0.45375      1.0
1777.622780    1 50.82   15 0.45250      1.0
1771.890876    2 50.83   15 0.45250      1.0
1745.821135    1 50.82   15 0.45250      1.0
1775.684477    3 50.82   15 0.45250      1.0
1768.608709    3 50.84   15 0.45250      1.0
1723.805277    2 50.81   15 0.45375      1.0
1746.553364    3 50.84   15 0.45250      1.0
1819.684532    4 50.85   15 0.45250      1.0
1774.496072    5 50.71   15 0.45250      1.0
1773.707042    2 50.85   15 0.45250      1.0
1744.380155    2 50.85   15 0.45250      1.0
1738.382988    2 50.85   15 0.45250      1.0
1771.223391    3 50.87   15 0.45375      1.0
1738.437653    2 50.87   15 0.47375      1.0
1482.113342    5 50.87   15 0.45375      1.0
1497.459093    5 50.89   15 0.45375      1.0
1704.436473    7 50.85   15 0.45375      1.0
1779.089611    7 50.84   15 0.45375      1.0
1756.770901    1 50.83   15 0.45375      1.0
1747.736671    1 50.68   15 0.45250      1.0
1630.113106    6 50.84   15 0.45375      1.0
1687.690889    6 50.85   15 0.45375      1.0
1541.437566    6 50.84   15 0.45375      1.0
1506.290077    5 50.83   15 0.46375      1.0
1805.436236    4 50.69   15 0.45375      1.0
1793.088416    5 50.82   15 0.47250      1.0
1737.060113    0 50.83   15 0.45375      1.0
1729.123931    6 50.83   15 0.45375      1.0
1722.014368    1 50.81   15 0.45375      1.0
1780.334697    0 50.82   15 0.45375      1.0
1789.063110    7 50.68   15 0.45375      1.0
1799.639587    7 50.85   15 0.45375      1.0
1792.920981    1 50.83   15 0.45375      1.0
1781.360412    0 50.83   15 0.45375      1.0
1782.104855    0 50.85   15 0.45375      1.0
1767.867231    7 50.70   15 0.45375      1.0
1675.035711    6 50.86   15 0.45375      1.0
1478.002540    5 50.84   15 0.45375      1.0
1565.466551    6 50.83   15 0.46500      1.0
1781.094437    2 50.82   15 0.45375      1.0
1742.429756    2 50.83   15 0.45375      1.0
1736.239660    0 50.68   15 0.45375      1.0
1778.722014    0 50.82   15 0.45375      1.0
1749.405443    2 50.81   15 0.45375      1.0
1769.433787    1 50.82   15 0.45250      1.0
1724.216274    7 50.83   15 0.45375      1.0
1720.563546    7 50.70   15 0.46500      1.0
1752.857416    3 50.85   15 0.45375      1.0
1799.896193    2 50.85   15 0.45375      1.0
1726.285252    7 50.87   15 0.45375      1.0
1780.625218    0 50.82   15 0.45375      1.0
1467.842159    5 50.83   15 0.45375      1.0
1660.146491    6 50.87   15 0.46375      1.0
1761.134988    4 50.84   15 0.45250      1.0
1778.439913    4 50.82   15 0.45375      1.0
1742.740672    3 50.83   15 0.45250      1.0
1784.827326    2 50.83   15 0.45250      1.0
1777.899782    1 50.72   15 0.45375      1.0
1716.690615    7 50.84   15 0.45375      1.0
1780.471776    0 50.82   15 0.45375      1.0
1753.646563    1 50.83   15 0.45250      1.0
1743.108032    1 50.83   15 0.45250      1.0
1732.137989    1 50.82   15 0.45250      1.0
1798.482842    1 50.81   15 0.45375      1.0
1772.819829    5 50.85   15 0.45375      1.0
1777.319335    4 50.83   15 0.45375      1.0
1760.235087    1 50.81   15 0.45375      1.0
1675.451332    1 50.81   15 0.45250      1.0
1745.232506    1 50.68   15 0.45375      1.0
1766.474868    1 50.85   15 0.45375      1.0
1703.371509    7 50.85   15 0.45375      1.0
1712.391509    7 50.83   15 0.45375      1.0
1748.069999    1 50.81   15 0.45375      1.0
1760.539837    0 50.82   15 0.45375      1.0
1613.751364    6 50.84   15 0.45375      1.0
1658.345977    6 50.84   15 0.45375      1.0
1494.910223    5 50.84   15 0.45375      1.0
1526.770209    5 50.83   15     NaN      NaN