CFO=1178.9370153963794,STO=4
SNRdB=41.34,TXPdB=0
packet_number=1,correct=True,payload=[0,0,0,0,0,0,0,0,0,144,0,61,0,44,0,53,0,71,0,21,0,9,0,18,0,50,0,38,0,18,0,14,0,37,0,249,0,196,0,40,0,3,0,2,0,0,0,2,0,64,0,91,0,108,0,252,0,103,0,21,0,39,0,161,0,173,0,70,0,28,0,24,0,74,0,72,0,46,0,16,0,4,0,4,0,3,0,4,0,62,0,72,0,49,0,54,0,37,0,48,0,31,0,30,0,52,0,28,0,25,0,21,0,37,0,83,0,106,0,42,0,6,0,12,0,14,0,8,1,118,2,24,1,133,4,27,3,247,1,250,1,16,1,42,0,139,0,142,0,154,1,108,2,230,3,209,4,229,3,36,1,32,0,215,0,223,0,210,0,123,0,81,0,37,0,35,0,13,0,9,0,11,0,12,0,8,0,6,0,5,0,3,0,8,0,18,0,23,0,11,0,1,0,5,0,4,0,20,0,80,0,49,0,32,0,28,0,12,0,11,0,8,0,3,0,2,0,4,0,4,0,3,0,3,0,3,0,5,0,2,0,0,0,0,0,0,0,1,0,52,0,63,0,32,0,22,0,6,0,6,0,4,0,2,0,2,0,4,0,2,0,2,0,2,0,6,0,5,0,2,0,0,0,1,0,1,0,2,0,66,0,55,0,39,0,29,0,19,0,17,0,19,0,8,0,8,0,10,0,4,0,1,0,1,0,6,0,2,0,1,0,0,0,0,0,0,0,1,0,80,0,50,0,29,0,20,0,17,0,19,0,9,0,8,0,7,0,4,0,2,0,1,0,1,0,0,0,0,0,0,0,0,0,0,0,0,0,0,0,70,0,49,0,44,0,10,0,10,0,5,0,7,0,15,0,16,0,5,0,3,0,1,0,1,0,1,0,0,0,0,0,0,0,0,0,0,0,0,0,66,0,32,0,31,0,17,0,13,0,4,0,5,0,7,0,4,0,3,0,5,0,0,0,1,0,1,0,0,0,0,0,0,0,0,0,0,0,0,0,96,0,52,0,25,0,23,0,19,0,18,0,17,0,9,0,4,0,2,0,1,0,1,0,1,0,0,0,0,0,0,0,0,0,0,0,0,0,0,0,62,0,27,0,25,0,15,0,12,0,8,0,2,0,1,0,1,0,4,0,2,0,0,0,1,0,0,0,0,0,0,0,0,0,0,0,0,0,0,0,82,0,43,0,32,0,17,0,13,0,13,0,4,0,5,0,3,0,4,0,4,0,3,0,0,0,0,0,0,0,0,0,0,0,0,0,0,0,0,0,97,0,47,0,27,0,16,0,7,0,8,0,7,0,3,0,4,0,3,0,2,0,1,0,0,0,0,0,0,0,0,0,0,0,0,0,0,0,0,0,45,0,35,0,31,0,20,0,12,0,10,0,9,0,11,0,6,0,5,0,2,0,1,0,1,0,0,0,0,0,0,0,0,0,0,0,0,0,0,0,57,0,54,0,38,0,26,0,10,0,13,0,10,0,6,0,3,0,2,0,1,0,1,0,1,0,0,0,0,0,0,0,0,0,0,0,0,0,0,0,56,0,55,0,33,0,17,0,6,0,11,0,6,0,6,0,4,0,5,0,0,0,0,0,0,0,0,0,0,0,0,0,0,0,0,0,0,0,0,0,50,0,52,0,23,0,23,0,13,0,11,0,7,0,4,0,2,0,6,0,2,0,1,0,2,0,0,0,0,0,0,0,0,0,0,0,0,0,0,0,50,0,36,0,20,0,15,0,9,0,14,0,9,0,6,0,4,0,4,0,3,0,1,0,0,0,0,0,0,0,0,0,0,0,0,0,0,0,0,0,0,0,0,0,0,0,0,0,0,0,0,0,0,0,0]
CFO=1173.4600574556755,STO=4
SNRdB=41.36,TXPdB=0
packet_number=2,correct=True,payload=[0,0,0,0,0,0,0,0,0,81,0,54,0,39,0,15,0,15,0,9,0,8,0,6,0,5,0,3,0,1,0,0,0,1,0,1,0,0,0,0,0,0,0,0,0,0,0,0,0,56,0,60,0,24,0,22,0,10,0,5,0,6,0,3,0,3,0,4,0,3,0,1,0,0,0,0,0,0,0,0,0,0,0,0,0,0,0,0,0,106,0,55,0,20,0,13,0,13,0,9,0,6,0,5,0,4,0,6,0,4,0,1,0,1,0,0,0,0,0,0,0,0,0,0,0,0,0,0,0,54,0,44,0,22,0,17,0,10,0,13,0,9,0,8,0,5,0,2,0,1,0,0,0,1,0,1,0,0,0,0,0,0,0,0,0,0,0,0,0,89,0,45,0,30,0,13,0,11,0,16,0,7,0,4,0,3,0,3,0,2,0,0,0,0,0,0,0,0,0,0,0,0,0,0,0,0,0,0,0,113,0,45,0,21,0,13,0,14,0,9,0,6,0,5,0,8,0,6,0,1,0,1,0,0,0,0,0,0,0,0,0,0,0,0,0,0,0,0,0,105,0,56,0,28,0,14,0,20,0,19,0,8,0,6,0,4,0,4,0,2,0,0,0,0,0,0,0,0,0,0,0,0,0,0,0,0,0,0,0,53,0,48,0,32,0,14,0,6,0,9,0,7,0,5,0,4,0,2,0,2,0,0,0,0,0,1,0,0,0,0,0,0,0,0,0,0,0,0,0,106,0,87,0,43,0,19,0,15,0,5,0,5,0,3,0,7,0,6,0,4,0,1,0,1,0,0,0,0,0,0,0,0,0,0,0,0,0,0,0,76,0,38,0,21,0,23,0,16,0,11,0,11,0,7,0,3,0,6,0,4,0,1,0,0,0,1,0,0,0,0,0,0,0,0,0,0,0,0,0,81,0,34,0,40,0,20,0,20,0,7,0,8,0,3,0,4,0,5,0,3,0,1,0,0,0,0,0,0,0,0,0,0,0,0,0,0,0,0,0,77,0,39,0,30,0,21,0,10,0,11,0,8,0,7,0,3,0,2,0,4,0,1,0,0,0,0,0,0,0,0,0,0,0,0,0,0,0,0,0,75,0,37,0,36,0,15,0,15,0,16,0,11,0,4,0,4,0,5,0,1,0,0,0,0,0,0,0,0,0,0,0,0,0,0,0,0,0,0,0,82,0,40,0,19,0,17,0,13,0,6,0,4,0,8,0,6,0,5,0,5,0,3,0,2,0,1,0,0,0,0,0,0,0,0,0,0,0,0,0,81,0,43,0,24,0,13,0,12,0,17,0,7,0,4,0,5,0,2,0,4,0,0,0,1,0,1,0,0,0,0,0,0,0,0,0,0,0,0,0,73,0,37,0,15,0,11,0,10,0,10,0,6,0,3,0,2,0,2,0,2,0,2,0,1,0,0,0,0,0,0,0,0,0,0,0,0,0,0,0,85,0,56,0,20,0,11,0,14,0,9,0,7,0,3,0,1,0,2,0,3,0,1,0,0,0,1,0,0,0,0,0,0,0,0,0,0,0,0,0,95,0,60,0,19,0,19,0,11,0,6,0,5,0,3,0,2,0,2,0,2,0,0,0,1,0,0,0,0,0,0,0,0,0,0,0,0,0,0,0,45,0,43,0,26,0,12,0,7,0,9,0,8,0,4,0,3,0,6,0,2,0,1,0,0,0,0,0,0,0,0,0,0,0,0,0,0,0,0,0,98,0,49,0,23,0,10,0,9,0,9,0,7,0,7,0,4,0,2,0,2,0,2,0,0,0,0,0,0,0,0,0,0,0,0,0,0,0,0,0,0,0,0,0,0,0,0,0,0,0,0,0,0,0,0]
CFO=1167.276127504006,STO=5
SNRdB=41.48,TXPdB=0
packet_number=3,correct=True,payload=[0,0,0,0,0,0,0,0,0,104,0,34,0,26,0,14,0,8,0,7,0,6,0,2,0,3,0,4,0,3,0,0,0,0,0,1,0,0,0,0,0,0,0,0,0,0,0,0,0,63,0,31,0,21,0,11,0,14,0,7,0,4,0,5,0,4,0,5,0,4,0,1,0,0,0,1,0,0,0,0,0,0,0,0,0,0,0,0,0,112,0,37,0,36,0,21,0,16,0,10,0,7,0,5,0,5,0,4,0,1,0,1,0,0,0,1,0,0,0,0,0,0,0,0,0,0,0,0,0,90,0,39,0,32,0,14,0,13,0,18,0,7,0,7,0,7,0,2,0,3,0,0,0,0,0,0,0,0,0,0,0,0,0,0,0,0,0,0,0,69,0,51,0,20,0,13,0,9,0,8,0,5,0,5,0,4,0,3,0,1,0,0,0,1,0,0,0,0,0,0,0,0,0,0,0,0,0,0,0,87,0,62,0,27,0,16,0,12,0,8,0,7,0,4,0,8,0,7,0,2,0,1,0,1,0,1,0,0,0,0,0,0,0,0,0,0,0,0,0,74,0,43,0,20,0,16,0,14,0,15,0,9,0,6,0,7,0,4,0,2,0,0,0,1,0,1,0,0,0,0,0,0,0,0,0,0,0,0,0,74,0,29,0,27,0,16,0,11,0,6,0,8,0,6,0,7,0,4,0,2,0,1,0,0,0,0,0,0,0,0,0,0,0,0,0,0,0,0,0,102,0,40,0,31,0,15,0,10,0,9,0,10,0,7,0,4,0,4,0,1,0,0,0,1,0,1,0,0,0,0,0,0,0,0,0,0,0,0,0,52,0,50,0,30,0,17,0,10,0,8,0,4,0,4,0,0,0,1,0,1,0,2,0,0,0,0,0,0,0,0,0,0,0,0,0,0,0,0,0,96,0,50,0,13,0,27,0,19,0,9,0,7,0,6,0,2,0,3,0,3,0,1,0,1,0,1,0,0,0,0,0,0,0,0,0,0,0,0,0,78,0,32,0,32,0,15,0,13,0,9,0,8,0,7,0,4,0,2,0,2,0,1,0,1,0,0,0,0,0,0,0,0,0,0,0,0,0,0,0,76,0,37,0,20,0,17,0,12,0,10,0,9,0,5,0,5,0,5,0,2,0,0,0,0,0,0,0,0,0,0,0,0,0,0,0,0,0,0,0,69,0,24,0,19,0,14,0,7,0,5,0,8,0,4,0,4,0,4,0,3,0,0,0,1,0,0,0,0,0,0,0,0,0,0,0,0,0,0,0,71,0,33,0,20,0,12,0,10,0,7,0,8,0,4,0,4,0,3,0,1,0,1,0,1,0,0,0,0,0,0,0,0,0,0,0,0,0,0,0,59,0,55,0,24,0,17,0,14,0,9,0,4,0,7,0,5,0,4,0,2,0,0,0,0,0,0,0,0,0,0,0,0,0,0,0,0,0,0,0,69,0,51,0,36,0,13,0,9,0,13,0,12,0,6,0,2,0,5,0,3,0,3,0,2,0,1,0,0,0,0,0,0,0,0,0,0,0,0,0,102,0,31,0,19,0,7,0,9,0,13,0,7,0,5,0,2,0,1,0,1,0,0,0,1,0,0,0,0,0,0,0,0,0,0,0,0,0,0,0,71,0,39,0,32,0,13,0,16,0,8,0,6,0,6,0,2,0,3,0,0,0,0,0,0,0,0,0,0,0,0,0,0,0,0,0,0,0,0,0,97,0,48,0,26,0,14,0,11,0,7,0,5,0,5,0,3,0,3,0,3,0,2,0,2,0,0,0,0,0,0,0,0,0,0,0,0,0,0,0,0,0,0,0,0,0,0,0,0,0,0,0,0,0,0]
CFO=1142.2838012847599,STO=4
SNRdB=41.70,TXPdB=0
packet_number=4,correct=True,payload=[0,0,0,0,0,0,0,0,0,89,0,68,0,31,0,14,0,8,0,10,0,10,0,8,0,4,0,3,0,2,0,2,0,3,0,1,0,0,0,0,0,0,0,0,0,0,0,0,0,75,0,48,0,20,0,11,0,8,0,12,0,8,0,6,0,4,0,3,0,2,0,1,0,1,0,0,0,0,0,0,0,0,0,0,0,0,0,0,0,104,0,36,0,23,0,9,0,9,0,9,0,7,0,7,0,4,0,3,0,2,0,0,0,0,0,0,0,0,0,0,0,0,0,0,0,0,0,0,0,83,0,53,0,35,0,11,0,5,0,7,0,8,0,3,0,4,0,2,0,1,0,0,0,0,0,0,0,0,0,0,0,0,0,0,0,0,0,0,0,78,0,55,0,19,0,11,0,4,0,7,0,8,0,5,0,5,0,3,0,4,0,0,0,0,0,1,0,0,0,0,0,0,0,0,0,0,0,0,0,68,0,58,0,36,0,11,0,6,0,9,0,14,0,5,0,2,0,3,0,4,0,2,0,1,0,0,0,0,0,0,0,0,0,0,0,0,0,0,0,73,0,39,0,22,0,11,0,12,0,10,0,5,0,3,0,3,0,3,0,2,0,1,0,1,0,0,0,0,0,0,0,0,0,0,0,0,0,0,0,116,0,68,0,48,0,19,0,11,0,8,0,4,0,5,0,2,0,3,0,2,0,0,0,0,0,0,0,0,0,0,0,0,0,0,0,0,0,0,0,102,0,69,0,36,0,14,0,9,0,7,0,11,0,3,0,1,0,4,0,2,0,1,0,1,0,1,0,0,0,0,0,0,0,0,0,0,0,0,0,82,0,70,0,24,0,11,0,12,0,10,0,6,0,5,0,3,0,4,0,2,0,0,0,0,0,1,0,0,0,0,0,0,0,0,0,0,0,0,0,74,0,42,0,27,0,16,0,10,0,7,0,5,0,4,0,3,0,4,0,4,0,1,0,0,0,0,0,0,0,0,0,0,0,0,0,0,0,0,0,99,0,52,0,28,0,16,0,12,0,9,0,8,0,4,0,3,0,3,0,1,0,0,0,0,0,0,0,0,0,0,0,0,0,0,0,0,0,0,0,79,0,51,0,34,0,19,0,11,0,9,0,7,0,5,0,7,0,3,0,2,0,1,0,1,0,0,0,0,0,0,0,0,0,0,0,0,0,0,0,71,0,56,0,42,0,14,0,8,0,6,0,6,0,3,0,2,0,3,0,2,0,2,0,0,0,0,0,0,0,0,0,0,0,0,0,0,0,0,0,54,0,48,0,34,0,20,0,13,0,7,0,6,0,7,0,4,0,6,0,2,0,1,0,0,0,1,0,0,0,0,0,0,0,0,0,0,0,0,0,63,0,45,0,18,0,21,0,8,0,9,0,7,0,5,0,5,0,3,0,2,0,1,0,1,0,0,0,0,0,0,0,0,0,0,0,0,0,0,0,96,0,35,0,25,0,21,0,10,0,12,0,6,0,5,0,2,0,2,0,3,0,1,0,1,0,0,0,0,0,0,0,0,0,0,0,0,0,0,0,55,0,32,0,35,0,15,0,15,0,10,0,6,0,5,0,3,0,4,0,4,0,2,0,0,0,0,0,0,0,0,0,0,0,0,0,0,0,0,0,68,0,41,0,20,0,16,0,4,0,6,0,7,0,6,0,5,0,3,0,0,0,0,0,1,0,1,0,0,0,0,0,0,0,0,0,0,0,0,0,65,0,41,0,20,0,13,0,13,0,14,0,10,0,5,0,3,0,2,0,3,0,1,0,1,0,1,0,0,0,0,0,0,0,0,0,0,0,0,0,0,0,0,0,0,0,0,0,0,0,0,0,0,0,0]
CFO=1182.3178404558626,STO=5
SNRdB=41.59,TXPdB=0
packet_number=5,correct=True,payload=[0,0,0,0,0,0,0,0,0,70,0,65,0,25,0,13,0,6,0,8,0,4,0,5,0,4,0,2,0,1,0,0,0,0,0,1,0,0,0,0,0,0,0,0,0,0,0,0,0,67,0,47,0,10,0,12,0,7,0,5,0,9,0,7,0,3,0,3,0,2,0,0,0,0,0,1,0,0,0,0,0,0,0,0,0,0,0,0,0,60,0,35,0,27,0,10,0,17,0,11,0,9,0,4,0,3,0,1,0,0,0,1,0,0,0,1,0,0,0,0,0,0,0,0,0,0,0,0,0,77,0,43,0,27,0,15,0,8,0,11,0,12,0,4,0,1,0,2,0,2,0,0,0,0,0,0,0,0,0,0,0,0,0,0,0,0,0,0,0,68,0,45,0,40,0,12,0,8,0,4,0,5,0,4,0,4,0,2,0,1,0,1,0,1,0,1,0,0,0,0,0,0,0,0,0,0,0,0,0,73,0,51,0,36,0,22,0,10,0,8,0,6,0,7,0,4,0,3,0,2,0,0,0,0,0,0,0,0,0,0,0,0,0,0,0,0,0,0,0,87,0,52,0,29,0,13,0,12,0,17,0,5,0,5,0,5,0,4,0,1,0,0,0,0,0,0,0,0,0,0,0,0,0,0,0,0,0,0,0,64,0,52,0,28,0,12,0,11,0,9,0,10,0,6,0,3,0,1,0,1,0,1,0,0,0,0,0,0,0,0,0,0,0,0,0,0,0,0,0,62,0,27,0,15,0,15,0,12,0,16,0,8,0,4,0,5,0,4,0,1,0,1,0,0,0,0,0,0,0,0,0,0,0,0,0,0,0,0,0,89,0,54,0,20,0,17,0,8,0,11,0,6,0,6,0,4,0,1,0,1,0,0,0,0,0,0,0,0,0,0,0,0,0,0,0,0,0,0,0,72,0,62,0,16,0,6,0,8,0,12,0,6,0,4,0,5,0,5,0,2,0,1,0,0,0,2,0,0,0,0,0,0,0,0,0,0,0,0,0,71,0,42,0,44,0,10,0,4,0,2,0,4,0,3,0,4,0,3,0,2,0,1,0,2,0,3,0,0,0,0,0,0,0,0,0,0,0,0,0,71,0,43,0,37,0,13,0,12,0,8,0,4,0,6,0,3,0,2,0,1,0,0,0,1,0,2,0,0,0,0,0,0,0,0,0,0,0,0,0,67,0,38,0,28,0,18,0,6,0,7,0,6,0,4,0,3,0,2,0,1,0,1,0,0,0,0,0,0,0,0,0,0,0,0,0,0,0,0,0,92,0,47,0,28,0,14,0,14,0,7,0,7,0,4,0,3,0,3,0,2,0,0,0,1,0,1,0,0,0,0,0,0,0,0,0,0,0,0,0,95,0,29,0,32,0,17,0,15,0,6,0,7,0,5,0,4,0,1,0,1,0,1,0,1,0,1,0,0,0,0,0,0,0,0,0,0,0,0,0,69,0,25,0,26,0,12,0,14,0,7,0,5,0,1,0,3,0,3,0,1,0,0,0,1,0,1,0,0,0,0,0,0,0,0,0,0,0,0,0,90,0,55,0,37,0,13,0,10,0,9,0,10,0,7,0,4,0,1,0,1,0,1,0,0,0,0,0,0,0,0,0,0,0,0,0,0,0,0,0,124,0,64,0,24,0,16,0,11,0,7,0,8,0,5,0,3,0,3,0,0,0,1,0,1,0,0,0,0,0,0,0,0,0,0,0,0,0,0,0,71,0,39,0,34,0,19,0,10,0,6,0,4,0,2,0,2,0,3,0,1,0,0,0,1,0,0,0,0,0,0,0,0,0,0,0,0,0,0,0,0,0,0,0,0,0,0,0,0,0,0,0,0,0,0]
CFO=1194.636489794869,STO=3
SNRdB=41.46,TXPdB=0
packet_number=6,correct=True,payload=[0,0,0,0,0,0,0,0,0,73,0,44,0,35,0,23,0,12,0,7,0,10,0,5,0,5,0,3,0,2,0,2,0,1,0,1,0,1,0,0,0,0,0,0,0,0,0,0,0,50,0,44,0,21,0,18,0,12,0,7,0,4,0,3,0,5,0,5,0,2,0,1,0,1,0,0,0,0,0,0,0,0,0,0,0,0,0,0,0,54,0,53,0,22,0,9,0,7,0,8,0,8,0,9,0,5,0,5,0,3,0,1,0,0,0,0,0,0,0,0,0,0,0,0,0,0,0,0,0,92,0,54,0,28,0,16,0,7,0,7,0,6,0,4,0,3,0,1,0,2,0,1,0,1,0,0,0,0,0,0,0,0,0,0,0,0,0,0,0,87,0,44,0,22,0,14,0,10,0,7,0,5,0,3,0,6,0,5,0,3,0,0,0,0,0,0,0,0,0,0,0,0,0,0,0,0,0,0,0,76,0,69,0,28,0,22,0,9,0,18,0,12,0,5,0,3,0,2,0,3,0,1,0,1,0,0,0,0,0,0,0,0,0,0,0,0,0,0,0,101,0,51,0,19,0,15,0,6,0,3,0,6,0,5,0,3,0,2,0,1,0,0,0,1,0,1,0,0,0,0,0,0,0,0,0,0,0,0,0,57,0,58,0,27,0,21,0,11,0,8,0,5,0,2,0,4,0,4,0,3,0,1,0,1,0,0,0,0,0,0,0,0,0,0,0,0,0,0,0,73,0,55,0,30,0,12,0,6,0,10,0,11,0,7,0,5,0,4,0,1,0,0,0,1,0,1,0,0,0,0,0,0,0,0,0,0,0,0,0,45,0,37,0,21,0,9,0,9,0,6,0,8,0,2,0,6,0,7,0,2,0,0,0,0,0,0,0,0,0,0,0,0,0,0,0,0,0,0,0,66,0,43,0,29,0,10,0,9,0,12,0,10,0,6,0,4,0,3,0,1,0,1,0,0,0,0,0,0,0,0,0,0,0,0,0,0,0,0,0,119,0,56,0,23,0,18,0,15,0,7,0,7,0,7,0,5,0,3,0,2,0,0,0,1,0,0,0,0,0,0,0,0,0,0,0,0,0,0,0,56,0,43,0,24,0,14,0,9,0,12,0,7,0,2,0,2,0,4,0,2,0,0,0,0,0,1,0,0,0,0,0,0,0,0,0,0,0,0,0,73,0,28,0,16,0,16,0,11,0,6,0,7,0,3,0,2,0,3,0,2,0,1,0,1,0,1,0,0,0,0,0,0,0,0,0,0,0,0,0,72,0,28,0,17,0,17,0,11,0,6,0,6,0,2,0,1,0,1,0,3,0,2,0,0,0,0,0,0,0,0,0,0,0,0,0,0,0,0,0,73,0,41,0,23,0,12,0,6,0,8,0,7,0,2,0,5,0,2,0,1,0,0,0,0,0,0,0,0,0,0,0,0,0,0,0,0,0,0,0,81,0,45,0,26,0,10,0,13,0,20,0,8,0,6,0,5,0,5,0,2,0,1,0,0,0,0,0,0,0,0,0,0,0,0,0,0,0,0,0,54,0,29,0,33,0,20,0,14,0,6,0,6,0,8,0,4,0,3,0,3,0,1,0,0,0,1,0,0,0,0,0,0,0,0,0,0,0,0,0,47,0,62,0,20,0,14,0,7,0,3,0,5,0,4,0,5,0,3,0,3,0,1,0,0,0,0,0,0,0,0,0,0,0,0,0,0,0,0,0,72,0,52,0,21,0,14,0,5,0,5,0,8,0,5,0,3,0,1,0,1,0,0,0,0,0,0,0,0,0,0,0,0,0,0,0,0,0,0,0,0,0,0,0,0,0,0,0,0,0,0,0,0,0,0]
CFO=1172.1476176339097,STO=4
SNRdB=41.49,TXPdB=0
packet_number=7,correct=True,payload=[0,0,0,0,0,0,0,0,0,53,0,27,0,20,0,14,0,9,0,7,0,9,0,5,0,2,0,2,0,1,0,2,0,0,0,0,0,0,0,0,0,0,0,0,0,0,0,0,0,82,0,33,0,33,0,12,0,8,0,11,0,13,0,6,0,2,0,4,0,3,0,1,0,1,0,1,0,0,0,0,0,0,0,0,0,0,0,0,0,61,0,47,0,27,0,15,0,8,0,10,0,10,0,5,0,3,0,3,0,1,0,0,0,1,0,0,0,0,0,0,0,0,0,0,0,0,0,0,0,98,0,81,0,29,0,8,0,10,0,9,0,7,0,4,0,4,0,2,0,2,0,1,0,0,0,0,0,0,0,0,0,0,0,0,0,0,0,0,0,106,0,63,0,20,0,11,0,10,0,9,0,6,0,6,0,3,0,2,0,1,0,0,0,0,0,0,0,0,0,0,0,0,0,0,0,0,0,0,0,71,0,63,0,29,0,14,0,14,0,8,0,6,0,6,0,5,0,4,0,2,0,1,0,0,0,1,0,0,0,0,0,0,0,0,0,0,0,0,0,80,0,54,0,33,0,14,0,9,0,10,0,8,0,6,0,4,0,2,0,2,0,1,0,1,0,0,0,0,0,0,0,0,0,0,0,0,0,0,0,68,0,53,0,36,0,17,0,5,0,8,0,4,0,9,0,2,0,4,0,2,0,1,0,1,0,0,0,0,0,0,0,0,0,0,0,0,0,0,0,47,0,61,0,36,0,14,0,8,0,4,0,8,0,5,0,2,0,4,0,2,0,1,0,0,0,0,0,0,0,0,0,0,0,0,0,0,0,0,0,65,0,37,0,38,0,17,0,13,0,16,0,7,0,5,0,4,0,2,0,2,0,0,0,0,0,0,0,0,0,0,0,0,0,0,0,0,0,0,0,65,0,38,0,20,0,6,0,12,0,10,0,7,0,4,0,3,0,3,0,2,0,1,0,0,0,0,0,0,0,0,0,0,0,0,0,0,0,0,0,62,0,75,0,33,0,17,0,9,0,7,0,7,0,3,0,2,0,1,0,1,0,0,0,0,0,0,0,0,0,0,0,0,0,0,0,0,0,0,0,59,0,35,0,24,0,17,0,9,0,6,0,7,0,3,0,1,0,3,0,2,0,1,0,0,0,0,0,0,0,0,0,0,0,0,0,0,0,0,0,87,0,41,0,26,0,17,0,6,0,9,0,10,0,5,0,2,0,1,0,1,0,1,0,0,0,1,0,0,0,0,0,0,0,0,0,0,0,0,0,55,0,45,0,30,0,13,0,6,0,9,0,7,0,8,0,4,0,3,0,1,0,1,0,0,0,1,0,0,0,0,0,0,0,0,0,0,0,0,0,49,0,30,0,14,0,8,0,9,0,12,0,7,0,3,0,4,0,3,0,2,0,1,0,0,0,0,0,0,0,0,0,0,0,0,0,0,0,0,0,69,0,45,0,38,0,20,0,11,0,9,0,5,0,4,0,3,0,4,0,2,0,2,0,1,0,0,0,0,0,0,0,0,0,0,0,0,0,0,0,68,0,51,0,26,0,13,0,9,0,5,0,4,0,3,0,4,0,3,0,2,0,0,0,0,0,1,0,0,0,0,0,0,0,0,0,0,0,0,0,88,0,66,0,26,0,14,0,13,0,12,0,10,0,7,0,3,0,3,0,1,0,0,0,0,0,0,0,0,0,0,0,0,0,0,0,0,0,0,0,46,0,36,0,17,0,19,0,8,0,7,0,8,0,4,0,2,0,5,0,4,0,1,0,0,0,0,0,0,0,0,0,0,0,0,0,0,0,0,0,0,0,0,0,0,0,0,0,0,0,0,0,0,0,0]
CFO=1157.6851663851,STO=5
SNRdB=41.50,TXPdB=0
packet_number=8,correct=True,payload=[0,0,0,0,0,0,0,0,0,81,0,43,0,16,0,13,0,6,0,9,0,5,0,2,0,3,0,6,0,1,0,0,0,0,0,0,0,0,0,0,0,0,0,0,0,0,0,0,0,64,0,32,0,18,0,19,0,14,0,7,0,10,0,6,0,6,0,4,0,2,0,0,0,0,0,0,0,0,0,0,0,0,0,0,0,0,0,0,0,78,0,47,0,33,0,17,0,10,0,11,0,6,0,4,0,2,0,4,0,1,0,1,0,1,0,1,0,0,0,0,0,0,0,0,0,0,0,0,0,74,0,69,0,33,0,18,0,8,0,11,0,12,0,8,0,3,0,3,0,2,0,0,0,0,0,0,0,0,0,0,0,0,0,0,0,0,0,0,0,60,0,46,0,24,0,16,0,11,0,6,0,5,0,7,0,4,0,2,0,1,0,0,0,0,0,0,0,0,0,0,0,0,0,0,0,0,0,0,0,111,0,44,0,26,0,10,0,10,0,8,0,3,0,1,0,3,0,3,0,2,0,0,0,1,0,0,0,0,0,0,0,0,0,0,0,0,0,0,0,55,0,22,0,17,0,10,0,8,0,10,0,7,0,5,0,5,0,3,0,3,0,1,0,0,0,1,0,0,0,0,0,0,0,0,0,0,0,0,0,95,0,53,0,31,0,19,0,8,0,6,0,5,0,3,0,2,0,4,0,0,0,0,0,0,0,0,0,0,0,0,0,0,0,0,0,0,0,0,0,61,0,38,0,23,0,16,0,11,0,9,0,5,0,2,0,3,0,5,0,2,0,1,0,1,0,0,0,0,0,0,0,0,0,0,0,0,0,0,0,78,0,37,0,17,0,11,0,7,0,9,0,9,0,8,0,3,0,3,0,2,0,1,0,1,0,0,0,0,0,0,0,0,0,0,0,0,0,0,0,50,0,39,0,16,0,14,0,10,0,9,0,5,0,4,0,3,0,3,0,2,0,1,0,0,0,1,0,0,0,0,0,0,0,0,0,0,0,0,0,42,0,43,0,43,0,16,0,11,0,8,0,6,0,5,0,4,0,5,0,4,0,1,0,1,0,1,0,0,0,0,0,0,0,0,0,0,0,0,0,53,0,54,0,34,0,13,0,6,0,6,0,8,0,2,0,2,0,3,0,2,0,0,0,1,0,0,0,0,0,0,0,0,0,0,0,0,0,0,0,68,0,37,0,25,0,17,0,8,0,7,0,3,0,3,0,5,0,3,0,1,0,1,0,0,0,0,0,0,0,0,0,0,0,0,0,0,0,0,0,73,0,42,0,33,0,14,0,8,0,9,0,6,0,4,0,5,0,3,0,3,0,1,0,0,0,0,0,0,0,0,0,0,0,0,0,0,0,0,0,59,0,35,0,15,0,10,0,11,0,9,0,8,0,4,0,3,0,3,0,3,0,0,0,1,0,0,0,0,0,0,0,0,0,0,0,0,0,0,0,90,0,38,0,21,0,14,0,11,0,11,0,12,0,8,0,3,0,4,0,1,0,0,0,0,0,0,0,0,0,0,0,0,0,0,0,0,0,0,0,107,0,55,0,48,0,12,0,13,0,10,0,6,0,3,0,2,0,3,0,1,0,1,0,0,0,0,0,0,0,0,0,0,0,0,0,0,0,0,0,54,0,26,0,25,0,12,0,9,0,11,0,6,0,4,0,4,0,3,0,2,0,0,0,0,0,1,0,0,0,0,0,0,0,0,0,0,0,0,0,74,0,56,0,28,0,14,0,16,0,12,0,7,0,5,0,3,0,3,0,3,0,1,0,1,0,0,0,0,0,0,0,0,0,0,0,0,0,0,0,0,0,0,0,0,0,0,0,0,0,0,0,0,0,0]
CFO=1232.6639237379343,STO=5
SNRdB=41.20,TXPdB=0
packet_number=9,correct=True,payload=[0,0,0,0,0,0,0,0,0,68,0,36,0,19,0,19,0,9,0,11,0,10,0,6,0,5,0,4,0,4,0,1,0,1,0,0,0,0,0,0,0,0,0,0,0,0,0,0,0,66,0,55,0,24,0,7,0,4,0,6,0,5,0,5,0,2,0,2,0,4,0,2,0,2,0,0,0,0,0,0,0,0,0,0,0,0,0,0,0,88,0,48,0,33,0,13,0,8,0,10,0,6,0,3,0,4,0,6,0,3,0,2,0,0,0,0,0,0,0,0,0,0,0,0,0,0,0,0,0,105,0,50,0,29,0,12,0,11,0,7,0,5,0,4,0,3,0,0,0,1,0,3,0,0,0,0,0,0,0,0,0,0,0,0,0,0,0,0,0,85,0,54,0,32,0,15,0,8,0,5,0,6,0,5,0,3,0,4,0,2,0,1,0,0,0,0,0,0,0,0,0,0,0,0,0,0,0,0,0,47,0,40,0,27,0,6,0,6,0,9,0,5,0,3,0,3,0,4,0,2,0,0,0,1,0,0,0,0,0,0,0,0,0,0,0,0,0,0,0,80,0,55,0,38,0,13,0,8,0,13,0,7,0,4,0,2,0,3,0,2,0,1,0,1,0,1,0,0,0,0,0,0,0,0,0,0,0,0,0,80,0,53,0,31,0,18,0,10,0,7,0,9,0,5,0,2,0,3,0,2,0,1,0,1,0,1,0,0,0,0,0,0,0,0,0,0,0,0,0,72,0,47,0,32,0,11,0,9,0,7,0,4,0,2,0,3,0,3,0,2,0,0,0,0,0,0,0,0,0,0,0,0,0,0,0,0,0,0,0,59,0,43,0,32,0,13,0,11,0,7,0,7,0,3,0,1,0,3,0,2,0,1,0,0,0,0,0,0,0,0,0,0,0,0,0,0,0,0,0,54,0,61,0,16,0,14,0,11,0,7,0,4,0,3,0,4,0,4,0,2,0,0,0,1,0,0,0,0,0,0,0,0,0,0,0,0,0,0,0,91,0,38,0,26,0,18,0,8,0,9,0,5,0,4,0,4,0,0,0,1,0,1,0,0,0,0,0,0,0,0,0,0,0,0,0,0,0,0,0,86,0,25,0,15,0,9,0,18,0,8,0,5,0,5,0,5,0,4,0,1,0,1,0,0,0,0,0,0,0,0,0,0,0,0,0,0,0,0,0,73,0,44,0,19,0,11,0,13,0,13,0,8,0,9,0,4,0,3,0,4,0,0,0,1,0,0,0,0,0,0,0,0,0,0,0,0,0,0,0,71,0,50,0,41,0,13,0,9,0,8,0,6,0,4,0,3,0,5,0,2,0,1,0,1,0,1,0,0,0,0,0,0,0,0,0,0,0,0,0,86,0,50,0,34,0,13,0,15,0,11,0,7,0,7,0,3,0,3,0,3,0,1,0,1,0,1,0,0,0,0,0,0,0,0,0,0,0,0,0,50,0,34,0,33,0,16,0,18,0,12,0,7,0,4,0,6,0,4,0,3,0,1,0,2,0,0,0,0,0,0,0,0,0,0,0,0,0,0,0,101,0,58,0,35,0,15,0,4,0,9,0,5,0,2,0,1,0,1,0,3,0,2,0,0,0,0,0,0,0,0,0,0,0,0,0,0,0,0,0,62,0,34,0,14,0,14,0,18,0,14,0,7,0,8,0,4,0,4,0,2,0,1,0,1,0,1,0,0,0,0,0,0,0,0,0,0,0,0,0,60,0,36,0,19,0,11,0,13,0,11,0,8,0,4,0,5,0,4,0,2,0,1,0,1,0,0,0,0,0,0,0,0,0,0,0,0,0,0,0,0,0,0,0,0,0,0,0,0,0,0,0,0,0,0]
CFO=1189.3091794016054,STO=4
SNRdB=41.52,TXPdB=0
packet_number=10,correct=True,payload=[0,0,0,0,0,0,0,0,0,70,0,58,0,27,0,23,0,14,0,7,0,7,0,7,0,5,0,4,0,1,0,1,0,2,0,0,0,0,0,0,0,0,0,0,0,0,0,0,0,48,0,44,0,21,0,11,0,7,0,6,0,11,0,5,0,4,0,3,0,1,0,0,0,0,0,0,0,0,0,0,0,0,0,0,0,0,0,0,0,101,0,51,0,35,0,25,0,6,0,8,0,7,0,4,0,2,0,5,0,2,0,1,0,1,0,0,0,0,0,0,0,0,0,0,0,0,0,0,0,76,0,64,0,24,0,12,0,15,0,10,0,4,0,3,0,3,0,2,0,2,0,0,0,0,0,1,0,0,0,0,0,0,0,0,0,0,0,0,0,76,0,49,0,39,0,19,0,14,0,5,0,5,0,7,0,2,0,4,0,3,0,2,0,1,0,0,0,0,0,0,0,0,0,0,0,0,0,0,0,72,0,44,0,32,0,12,0,7,0,8,0,5,0,4,0,5,0,4,0,3,0,0,0,0,0,0,0,0,0,0,0,0,0,0,0,0,0,0,0,97,0,38,0,23,0,18,0,12,0,5,0,8,0,5,0,4,0,1,0,1,0,0,0,0,0,0,0,0,0,0,0,0,0,0,0,0,0,0,0,81,0,63,0,34,0,16,0,11,0,5,0,7,0,1,0,3,0,2,0,3,0,2,0,2,0,1,0,0,0,0,0,0,0,0,0,0,0,0,0,66,0,42,0,22,0,15,0,8,0,3,0,5,0,5,0,5,0,4,0,1,0,1,0,1,0,0,0,0,0,0,0,0,0,0,0,0,0,0,0,69,0,50,0,23,0,14,0,14,0,6,0,9,0,6,0,0,0,4,0,2,0,1,0,2,0,1,0,0,0,0,0,0,0,0,0,0,0,0,0,66,0,34,0,23,0,17,0,9,0,6,0,9,0,9,0,5,0,3,0,2,0,1,0,0,0,0,0,0,0,0,0,0,0,0,0,0,0,0,0,65,0,71,0,28,0,14,0,9,0,8,0,7,0,3,0,3,0,5,0,2,0,0,0,0,0,0,0,0,0,0,0,0,0,0,0,0,0,0,0,97,0,59,0,24,0,19,0,8,0,11,0,4,0,5,0,5,0,2,0,1,0,0,0,1,0,1,0,0,0,0,0,0,0,0,0,0,0,0,0,49,0,48,0,19,0,22,0,5,0,4,0,6,0,7,0,6,0,4,0,2,0,0,0,1,0,2,0,0,0,0,0,0,0,0,0,0,0,0,0,33,0,39,0,16,0,17,0,13,0,11,0,6,0,10,0,5,0,4,0,2,0,0,0,0,0,0,0,0,0,0,0,0,0,0,0,0,0,0,0,60,0,39,0,31,0,14,0,12,0,8,0,6,0,6,0,4,0,4,0,2,0,1,0,0,0,0,0,0,0,0,0,0,0,0,0,0,0,0,0,88,0,32,0,34,0,13,0,10,0,9,0,6,0,2,0,4,0,2,0,1,0,0,0,0,0,1,0,0,0,0,0,0,0,0,0,0,0,0,0,73,0,47,0,32,0,16,0,7,0,11,0,7,0,2,0,2,0,1,0,2,0,0,0,2,0,1,0,0,0,0,0,0,0,0,0,0,0,0,0,90,0,53,0,16,0,19,0,15,0,6,0,11,0,6,0,4,0,4,0,3,0,2,0,4,0,4,0,1,0,0,0,0,0,0,0,0,0,0,0,83,0,51,0,33,0,20,0,13,0,11,0,10,0,8,0,5,0,5,0,4,0,4,0,5,0,10,0,3,0,6,0,2,0,0,0,0,0,2,0,0,0,0,0,0,0,0,0,0,0,0,0,0,0,0]
CFO=1169.0140311928203,STO=4
SNRdB=40.88,TXPdB=0
packet_number=11,correct=True,payload=[0,0,0,0,0,0,0,0,0,39,0,31,0,20,0,16,0,16,0,12,0,6,0,6,0,11,0,8,0,2,0,3,0,6,0,9,0,3,0,2,0,0,0,0,0,0,0,0,0,94,0,60,0,24,0,14,0,16,0,11,0,8,0,5,0,4,0,4,0,3,0,3,0,3,0,3,0,2,0,1,0,0,0,0,0,0,0,0,0,87,0,62,0,33,0,17,0,17,0,10,0,6,0,6,0,5,0,3,0,2,0,1,0,2,0,2,0,1,0,0,0,0,0,0,0,0,0,0,0,50,0,29,0,21,0,18,0,14,0,11,0,4,0,3,0,3,0,3,0,2,0,1,0,2,0,1,0,0,0,0,0,0,0,0,0,0,0,0,0,51,0,32,0,22,0,12,0,11,0,12,0,8,0,3,0,2,0,3,0,1,0,0,0,0,0,1,0,0,0,0,0,0,0,0,0,0,0,0,0,67,0,59,0,17,0,17,0,14,0,9,0,5,0,1,0,2,0,2,0,3,0,1,0,0,0,1,0,0,0,0,0,0,0,0,0,0,0,0,0,68,0,35,0,20,0,16,0,12,0,13,0,6,0,4,0,4,0,4,0,2,0,0,0,0,0,1,0,0,0,0,0,0,0,0,0,0,0,0,0,70,0,28,0,22,0,11,0,11,0,6,0,8,0,5,0,5,0,3,0,1,0,1,0,0,0,0,0,0,0,0,0,0,0,0,0,0,0,0,0,65,0,37,0,22,0,13,0,6,0,8,0,7,0,4,0,3,0,1,0,1,0,2,0,0,0,0,0,0,0,0,0,0,0,0,0,0,0,0,0,58,0,53,0,31,0,11,0,8,0,6,0,4,0,3,0,4,0,2,0,2,0,1,0,1,0,1,0,0,0,0,0,0,0,0,0,0,0,0,0,44,0,28,0,27,0,11,0,11,0,7,0,4,0,7,0,4,0,1,0,1,0,0,0,0,0,0,0,0,0,0,0,0,0,0,0,0,0,0,0,67,0,44,0,28,0,19,0,11,0,4,0,5,0,4,0,3,0,5,0,4,0,1,0,0,0,0,0,0,0,0,0,0,0,0,0,0,0,0,0,78,0,42,0,26,0,20,0,9,0,4,0,4,0,2,0,2,0,1,0,1,0,0,0,0,0,1,0,0,0,0,0,0,0,0,0,0,0,0,0,81,0,50,0,12,0,16,0,11,0,6,0,11,0,5,0,3,0,2,0,0,0,0,0,0,0,1,0,0,0,0,0,0,0,0,0,0,0,0,0,115,0,54,0,39,0,24,0,9,0,16,0,13,0,4,0,4,0,3,0,2,0,0,0,0,0,1,0,0,0,0,0,0,0,0,0,0,0,0,0,74,0,37,0,33,0,13,0,14,0,11,0,7,0,6,0,3,0,5,0,2,0,0,0,0,0,1,0,0,0,0,0,0,0,0,0,0,0,0,0,136,0,54,0,32,0,16,0,10,0,5,0,4,0,2,0,3,0,2,0,1,0,0,0,1,0,1,0,0,0,0,0,0,0,0,0,0,0,0,0,106,0,68,0,19,0,6,0,9,0,8,0,7,0,3,0,4,0,6,0,1,0,1,0,0,0,0,0,0,0,0,0,0,0,0,0,0,0,0,0,90,0,40,0,23,0,7,0,12,0,11,0,6,0,3,0,2,0,4,0,5,0,1,0,2,0,1,0,0,0,0,0,0,0,0,0,0,0,0,0,113,0,36,0,27,0,17,0,15,0,7,0,5,0,6,0,4,0,5,0,1,0,1,0,2,0,2,0,0,0,0,0,0,0,0,0,0,0,0,0,0,0,0,0,0,0,0,0,0,0,0,0,0,0,0]
