         cfo  sto   snr  txp     ber  invalid
 1257.951276    1  8.89  -30 0.00000        0
 1691.193021    0  8.78  -30 0.00000        0
 1127.746526    4  8.98  -30 0.05500        1
 1177.178953    5  8.89  -30 0.00000        0
 1306.070670    7  8.28  -30 0.00000        0
  925.889712    4  8.82  -30 0.00000        0
 1211.519152    0  8.90  -30 0.05250        1
 1296.711770    7  8.50  -30 0.00750        1
 2231.457901    2  8.68  -30 0.50500        1
 1906.150458    7  8.34  -30 0.00375        1
 1561.270847    2  8.49  -30 0.00000        0
 1460.064519    3  8.57  -30 0.00000        0
  838.129489    1  8.50  -30 0.06250        1
 1444.762523    2  8.72  -30 0.00000        0
 1888.880870    4  9.03  -30 0.00000        0
 1141.275518    7  8.85  -30 0.00000        0
 1617.992485    4  8.93  -30 0.00000        0
 1495.307346    7  8.87  -30 0.00750        1
  809.089031    6  8.46  -30 0.00000        0
 1691.870348    7  8.93  -30 0.00000        0
  605.412612    4  8.82  -30 0.00000        0
 1477.127778    6  8.79  -30 0.00000        0
 1066.020589    4  9.03  -30 0.00375        1
 1633.531521    1  8.98  -30 0.47250        1
 1762.324224    5  9.01  -30 0.04625        1
  907.071474    3  8.86  -30 0.00000        0
  950.553751    2  8.83  -30 0.00000        0
 1151.459378    2  8.91  -30 0.00000        0
  894.233564    6  8.93  -30 0.00125        1
 1444.986046    0  8.94  -30 0.50625        1
 1244.419557    7  8.99  -30 0.00000        0
  737.215579    6  8.86  -30 0.16750        1
 1240.978375    2  8.79  -30 0.00000        0
 1654.540163    6  8.77  -30 0.00000        0
 1839.998297    7  9.08  -30 0.00000        0
 1147.277428    1  8.98  -30 0.00000        0
 1257.418498    2  8.94  -30 0.00000        0
 1456.023086    7  9.05  -30 0.00000        0
 1159.809165    0  8.89  -30 0.00000        0
  969.000835    1  9.02  -30 0.05250        1
 1612.623790    3  8.80  -30 0.00125        1
 1251.637027    5  8.78  -30 0.00000        0
 1235.789803    2  8.73  -30 0.00000        0
 1143.608573    5 10.61  -25 0.00000        0
 1948.494666    2 10.55  -25 0.00000        0
 1191.389423    7 10.32  -25 0.00000        0
 1570.344800    3 10.56  -25 0.00750        1
 1032.550883    2 10.61  -25 0.00000        0
 1294.094361    2 10.53  -25 0.00000        0
 1812.769321    1 10.53  -25 0.00000        0
 1170.234453    7 10.60  -25 0.00000        0
 1414.476089    5 10.47  -25 0.00000        0
  736.439238    1 10.57  -25 0.00000        0
 2176.896311    2 10.53  -25 0.00000        0
 1187.095060    5 10.64  -25 0.00000        0
 2128.797075    0 10.63  -25 0.00000        0
 1214.207472    7 10.34  -25 0.00000        0
 2522.075573    5 10.55  -25 0.36500        1
 2120.018622    1 10.60  -25 0.00000        0
 1538.749484    0 10.51  -25 0.47750        1
 1006.341574    4 10.33  -25 0.12250        1
 2035.656536    2 10.57  -25 0.00000        0
  774.670154    4 10.47  -25 0.00000        0
 1784.036399    6 10.57  -25 0.00000        0
 1394.577353    1 10.46  -25 0.00000        0
 1510.916226    0 10.50  -25 0.00000        0
 1809.807201    2 10.70  -25 0.00000        0
 1404.224402    0 10.60  -25 0.00000        0
  895.635235    4 10.46  -25 0.07875        1
 1488.218179    3 10.44  -25 0.04625        1
 1543.578759    6 10.48  -25 0.00000        0
 1561.214877    2 10.62  -25 0.00000        0
 2931.896410    4 10.64  -25 0.04625        1
 1195.793946    2 10.57  -25 0.00000        0
 2359.932574    5 10.43  -25 0.00000        0
 1339.585911    5 10.30  -25 0.00000        0
 1697.685851    4 10.71  -25 0.00000        0
  775.083464    3 10.60  -25 0.00000        0
 1220.507254    3 10.66  -25 0.00000        0
 1703.033202    1 10.63  -25 0.00000        0
 1228.206040    5 10.32  -25 0.15750        1
  939.283583    6 10.55  -25 0.00000        0
  762.508682    2 10.70  -25 0.00000        0
 2149.273887    1 10.60  -25 0.00000        0
 1423.833567    0 10.56  -25 0.00000        0
  877.625295    0 10.62  -25 0.00000        0
 1499.632421    4 10.63  -25 0.00000        0
 1555.868001    3 10.53  -25 0.00000        0
  909.847306    4 10.56  -25 0.00000        0
 1491.637305    1 10.53  -25 0.00000        0
 1384.424205    4 10.13  -25 0.00000        0
 1920.908173    4 10.61  -25 0.00000        0
 1120.826335    4 10.68  -25 0.00000        0
 1093.743805    3 10.66  -25 0.00000        0
 1552.966238    6 10.36  -25 0.00000        0
 2113.607493    1 10.53  -25 0.00000        0
 1612.164412    4 10.45  -25 0.00000        0
 1717.305925    3 10.35  -25 0.00000        0
 1316.524061    6 10.51  -25 0.00000        0
 1623.071608    3 10.53  -25 0.00000        0
 1301.315744    2 10.58  -25 0.00000        0
 2008.947888    7 10.62  -25 0.00000        0
  786.179912    2 10.54  -25 0.00000        0
  949.110162    6 10.57  -25 0.01000        1
 1053.945384    0 10.65  -25 0.00000        0
 1995.832028    0 10.63  -25 0.00000        0
 1512.304319    4 10.07  -25 0.00000        0
 1522.175484    0 10.62  -25 0.00000        0
 1876.516330    1 10.58  -25 0.00000        0
 1201.939100    2 10.47  -25 0.00000        0
 1817.696425    4 10.39  -25 0.00000        0
 1107.624267    7 10.59  -25 0.00000        0
  826.921813    6 10.57  -25 0.00000        0
 1020.185988    7 10.61  -25 0.00125        1
 1053.022478    3 10.54  -25 0.00000        0
 2002.832023    0 10.68  -25 0.00000        0
 1470.680720    6 10.33  -25 0.00000        0
 1204.888888    0 10.61  -25 0.00000        0
 1614.018287    3 10.62  -25 0.00000        0
 2090.543747    0 15.16  -20 0.00000        0
 1243.448271    3 15.25  -20 0.00000        0
 1321.231556    3 15.10  -20 0.00000        0
 1368.856710    3 15.32  -20 0.00000        0
 1610.437418    5 15.30  -20 0.00000        0
 2176.951332    3 15.27  -20 0.00000        0
 1442.984065    7 15.23  -20 0.00000        0
 1570.099578    1 14.95  -20 0.00000        0
 1240.096379    2 15.29  -20 0.00000        0
 1686.236984    4 15.28  -20 0.00000        0
 1434.406367    2 15.29  -20 0.00000        0
 1534.812638    6 15.33  -20 0.00000        0
 1456.478551    2 15.15  -20 0.00000        0
 1771.696880    5 15.08  -20 0.00000        0
 1615.670576    1 15.26  -20 0.00000        0
 1265.659785    6 15.27  -20 0.00000        0
 1833.959746    7 15.36  -20 0.00000        0
 1612.234493    3 15.20  -20 0.00000        0
 1458.794293    2 15.02  -20 0.00000        0
 1330.768089    5 15.26  -20 0.00000        0
 1723.806937    2 15.28  -20 0.00000        0
 1724.337937    5 15.29  -20 0.00000        0
 1949.149463    7 15.27  -20 0.00000        0
 1556.650271    2 15.12  -20 0.00000        0
 1540.179554    5 15.03  -20 0.00000        0
 1553.898867    4 15.20  -20 0.00000        0
 1674.472576    7 15.10  -20 0.00000        0
 1535.289447    3 15.07  -20 0.00000        0
 1606.155387    2 15.00  -20 0.00000        0
 1016.006410    7 14.64  -20 0.00000        0
 1575.380523    2 14.95  -20 0.00000        0
 1677.153069    3 15.02  -20 0.00000        0
 1879.629996    6 14.97  -20 0.00000        0
 1545.500699    2 14.75  -20 0.00000        0
 1819.505358    3 14.67  -20 0.00000        0
 1439.041884    3 14.52  -20 0.00000        0
 1317.746855    5 14.60  -20 0.00000        0
 1744.182601    0 14.58  -20 0.00000        0
 1751.408965    4 14.63  -20 0.00000        0
 1601.246663    2 14.50  -20 0.00000        0
 1329.573399    2 14.47  -20 0.00000        0
 1128.717338    7 14.47  -20 0.00000        0
 1619.384610    1 14.59  -20 0.00000        0
 1747.908967    6 14.51  -20 0.00000        0
 1328.488513    7 14.45  -20 0.00000        0
 1533.835068    2 14.50  -20 0.00000        0
 1463.009326    4 14.52  -20 0.00000        0
 1605.258806    1 14.55  -20 0.00000        0
 1257.504468    1 14.51  -20 0.00000        0
 1526.757521    1 14.52  -20 0.00000        0
 1437.319396    2 14.37  -20 0.00000        0
 1877.714341    1 14.38  -20 0.00000        0
 1328.199297    5 14.53  -20 0.00000        0
 1448.728420    0 14.70  -20 0.00000        0
 2060.115254    5 14.73  -20 0.00000        0
 2089.684993    3 14.41  -20 0.00000        0
 1223.168419    3 14.72  -20 0.00000        0
 1400.613177    1 14.66  -20 0.00000        0
 2038.668934    3 14.86  -20 0.00000        0
 1691.688328    6 14.83  -20 0.00000        0
 1339.006175    2 14.84  -20 0.00000        0
 1597.892044    3 14.87  -20 0.00000        0
 1836.259124    2 14.76  -20 0.00000        0
 1079.723893    4 14.81  -20 0.00000        0
 1665.819343    3 14.86  -20 0.00000        0
 1369.071814    1 14.84  -20 0.00000        0
 2247.651616    0 14.90  -20 0.00000        0
 1293.730677    1 14.74  -20 0.00000        0
 1462.558131    1 14.95  -20 0.00000        0
 1297.970967    4 14.93  -20 0.00000        0
 1986.483680    1 14.92  -20 0.00000        0
 1350.222270    4 14.96  -20 0.00000        0
 1163.550117    7 14.90  -20 0.00000        0
 1796.387658    6 14.57  -20 0.00000        0
 1095.867923    4 14.97  -20 0.00000        0
 1151.972946    6 15.06  -20 0.00000        0
 1628.608923    0 14.91  -20 0.00000        0
 1173.218274    3 14.76  -20 0.00000        0
 1621.746243    3 14.90  -20 0.00000        0
 1807.710357    6 14.92  -20 0.00000        0
 1560.657671    7 14.88  -20 0.00000        0
 1164.396420    0 14.86  -20 0.00000        0
 1571.899736    7 14.79  -20 0.00000        0
 1493.559956    3 14.62  -20 0.00000        0
 1090.331082    0 14.91  -20 0.00000        0
 1505.172463    5 14.96  -20 0.00000        0
 1553.814320    1 14.91  -20 0.00000        0
 1892.230627    0 14.81  -20 0.00000        0
 1933.521018    4 14.89  -20 0.00000        0
 1693.225477    1 14.91  -20 0.00000        0
 1887.411075    3 14.89  -20 0.00000        0
 1556.537620    4 14.91  -20 0.00000        0
 1602.227673    5 14.94  -20 0.00000        0
 1383.833916    3 14.65  -20 0.00000        0
 1507.278083    6 14.56  -20 0.00000        0
 1731.479398    7 14.94  -20 0.00000        0
 1433.642121    1 14.95  -20 0.00000        0
 2100.816778    5 14.92  -20 0.00000        0
 1581.550461    7 14.88  -20 0.00000        0
 1454.989071    4 21.38  -15 0.00000        0
 1682.537416    5 21.35  -15 0.00000        0
 1746.113078    3 21.41  -15 0.00000        0
 1802.007979    4 21.38  -15 0.00000        0
 1140.173320    4 21.36  -15 0.00000        0
 1531.245050    4 21.19  -15 0.00000        0
 1329.020699    2 21.37  -15 0.00000        0
 1543.299030    2 21.43  -15 0.00000        0
 1452.991241    2 21.42  -15 0.00000        0
 1727.518955    4 21.41  -15 0.00000        0
 1593.243958    4 21.32  -15 0.00000        0
 1843.732252    3 21.24  -15 0.00000        0
 1528.865631    3 21.42  -15 0.00000        0
 1860.051424    3 21.40  -15 0.00000        0
 1789.526045    2 21.41  -15 0.00000        0
 1791.995111    2 21.35  -15 0.00000        0
 1398.033476    2 21.20  -15 0.00000        0
 1545.626275    1 21.36  -15 0.00000        0
 1608.166261    2 21.43  -15 0.00000        0
 1508.712778    2 21.41  -15 0.00000        0
 1812.606986    7 21.38  -15 0.00000        0
 1462.710387    4 21.32  -15 0.00000        0
 1504.188371    0 21.17  -15 0.00000        0
 1571.475220    3 21.29  -15 0.00000        0
 1604.573416    7 21.30  -15 0.00000        0
 1533.049359    3 21.24  -15 0.00000        0
 1843.335248    4 21.20  -15 0.00000        0
 1556.394732    4 20.99  -15 0.00000        0
 1810.287211    2 21.24  -15 0.00000        0
 1461.146321    3 21.27  -15 0.00000        0
 1808.104753    0 21.27  -15 0.00000        0
 1639.890949    5 21.24  -15 0.00000        0
 1442.337806    7 21.26  -15 0.00000        0
 1723.121428    0 21.39  -15 0.00000        0
 1773.965665    3 21.42  -15 0.00000        0
 1581.621846    3 21.44  -15 0.00000        0
 1791.696409    4 21.47  -15 0.00000        0
 1720.642994    2 21.39  -15 0.00000        0
 1558.046191    4 21.24  -15 0.00000        0
 1561.033569    0 21.42  -15 0.00000        0
 1912.746334    3 21.46  -15 0.00000        0
 1370.040609    1 21.41  -15 0.00000        0
 1565.372517    2 21.29  -15 0.00000        0
 1504.483634    3 21.31  -15 0.00000        0
 1721.892824    4 21.37  -15 0.00000        0
 1297.851083    2 21.41  -15 0.00000        0
 1701.807799    6 21.38  -15 0.00000        0
 1949.301127    3 21.37  -15 0.00000        0
 1597.786745    1 21.30  -15 0.00000        0
 1775.887960    3 21.12  -15 0.00000        0
 1578.152086    3 21.37  -15 0.00000        0
 1372.165794    2 21.37  -15 0.00000        0
 1637.717857    1 21.44  -15 0.00000        0
 1578.681781    3 21.35  -15 0.00000        0
 1650.352284    2 21.30  -15 0.00000        0
 1505.014397    2 21.39  -15 0.00000        0
 1829.349605    3 21.42  -15 0.00000        0
 1782.466641    3 21.39  -15 0.00000        0
 1458.575039    1 21.38  -15 0.00000        0
 1913.220060    4 21.34  -15 0.00000        0
 1674.518703    3 21.21  -15 0.00000        0
 1584.314790    1 21.43  -15 0.00000        0
 1676.649580    4 21.38  -15 0.00000        0
 1783.663466    2 21.43  -15 0.00000        0
 1661.266595    4 21.32  -15 0.00000        0
 1590.112388    3 21.37  -15 0.00000        0
 1879.812371    3 21.39  -15 0.00000        0
 1837.073648    3 21.40  -15 0.00000        0
 1691.727223    2 21.41  -15 0.00000        0
 1848.818846    0 21.39  -15 0.00000        0
 1657.265361    3 21.30  -15 0.00000        0
 1309.038127    7 21.27  -15 0.00000        0
 1646.201284    1 21.41  -15 0.00000        0
 1789.253905    2 21.41  -15 0.00000        0
 1537.962589    7 21.40  -15 0.00000        0
 1554.512517    2 21.26  -15 0.00000        0
 1388.614811    3 21.34  -15 0.00000        0
 1532.277049    7 21.36  -15 0.00000        0
 1534.295275    6 21.35  -15 0.00000        0
 1573.455264    3 21.37  -15 0.00000        0
 1346.537525    3 21.43  -15 0.00000        0
 1589.911751    2 21.32  -15 0.00000        0
 1606.851450    7 21.28  -15 0.00000        0
 1705.902948    6 21.38  -15 0.00000        0
 1739.747603    2 21.43  -15 0.00000        0
 1917.321968    1 21.42  -15 0.00000        0
 1900.782712    3 21.31  -15 0.00000        0
 1516.548167    3 21.36  -15 0.00000        0
 1763.977817    1 21.34  -15 0.00000        0
 1384.936469    2 21.36  -15 0.00000        0
 1666.519556    2 21.40  -15 0.00000        0
 1721.307752    5 21.41  -15 0.00000        0
 1685.389495    1 21.39  -15 0.00000        0
 1476.957972    3 21.16  -15 0.00000        0
 1584.637445    4 21.35  -15 0.00000        0
 1561.849160    5 21.37  -15 0.00000        0
 1543.793981    2 21.38  -15 0.00000        0
 1589.023233    3 21.32  -15 0.00000        0
 1497.989737    1 21.32  -15 0.00000        0
 1352.719321    0 21.37  -15 0.00000        0
 1617.802164    7 27.09  -10 0.00000        0
 1634.491542    7 27.11  -10 0.00000        0
 1527.366191    7 27.15  -10 0.00000        0
 1554.346149    7 27.19  -10 0.00000        0
 1613.263764    0 27.23  -10 0.00000        0
 1630.807627    0 27.18  -10 0.00000        0
 1678.306731    7 27.10  -10 0.00000        0
 1754.206259    6 26.95  -10 0.00000        0
 1703.523173    7 27.21  -10 0.00000        0
 1626.447927    7 27.18  -10 0.00000        0
 1733.414025    7 27.21  -10 0.00000        0
 1460.708762    7 27.14  -10 0.00000        0
 1685.513173    6 27.11  -10 0.00000        0
 1562.104936    7 27.18  -10 0.00000        0
 1594.746718    0 27.22  -10 0.00000        0
 1800.595576    6 27.21  -10 0.00000        0
 1612.875535    5 27.19  -10 0.00000        0
 1674.117548    6 27.13  -10 0.00000        0
 1652.871272    5 27.00  -10 0.00000        0
 1485.729784    0 27.21  -10 0.00000        0
 1653.585241    5 27.21  -10 0.00000        0
 1760.041209    7 27.19  -10 0.00000        0
 1669.292541    7 27.15  -10 0.00000        0
 1665.277315    7 27.09  -10 0.00000        0
 1719.081182    6 27.12  -10 0.00000        0
 1656.863613    7 27.16  -10 0.00000        0
 1840.866063    1 27.16  -10 0.00000        0
 1688.683757    7 27.17  -10 0.00000        0
 1702.021598    7 27.10  -10 0.00000        0
 1586.839351    7 26.97  -10 0.00000        0
 1602.504675    7 27.18  -10 0.00000        0
 1628.130454    5 27.19  -10 0.00000        0
 1814.496553    6 27.17  -10 0.00000        0
 1550.880658    7 27.06  -10 0.00000        0
 1638.582540    6 26.95  -10 0.00000        0
 1573.985552    7 27.14  -10 0.00000        0
 1570.908884    0 27.21  -10 0.00000        0
 1690.404941    7 27.16  -10 0.00000        0
 1645.039322    6 27.16  -10 0.00000        0
 1753.780321    6 27.08  -10 0.00000        0
 1620.689816    6 26.92  -10 0.00000        0
 1727.635163    7 27.16  -10 0.00000        0
 1716.263966    5 27.16  -10 0.00000        0
 1709.298833    0 27.16  -10 0.00000        0
 1601.894938    7 27.06  -10 0.00000        0
 1642.104831    6 26.96  -10 0.00000        0
 1535.569058    7 27.10  -10 0.00000        0
 1588.782872    4 27.13  -10 0.00000        0
 1716.074120    6 27.14  -10 0.00000        0
 1538.875415    7 27.05  -10 0.00000        0
 1806.334477    0 27.08  -10 0.00000        0
 1591.417950    0 26.86  -10 0.00000        0
 1659.428254    7 27.15  -10 0.00000        0
 1598.661389    0 27.14  -10 0.00000        0
 1692.599613    6 27.16  -10 0.00000        0
 1636.467791    6 27.09  -10 0.00000        0
 1731.157810    4 26.94  -10 0.00000        0
 1663.266085    7 27.10  -10 0.00000        0
 1633.635396    7 27.15  -10 0.00000        0
 1578.554545    6 27.15  -10 0.00000        0
 1528.109092    0 27.05  -10 0.00000        0
 1651.151511    7 27.09  -10 0.00000        0
 1678.375151    6 26.96  -10 0.00000        0
 1745.779158    7 27.15  -10 0.00000        0
 1572.144721    0 27.16  -10 0.00000        0
 1448.341732    7 27.16  -10 0.00000        0
 1742.520944    7 27.06  -10 0.00000        0
 1735.923171    6 26.97  -10 0.00000        0
 1623.933445    7 27.11  -10 0.00000        0
 1492.235184    0 27.17  -10 0.00000        0
 1629.244391    6 27.17  -10 0.00000        0
 1620.664322    3 27.08  -10 0.00000        0
 1770.217480    7 27.09  -10 0.00000        0
 1684.941501    7 27.10  -10 0.00000        0
 1752.038267    7 27.15  -10 0.00000        0
 1694.275855    0 27.15  -10 0.00000        0
 1674.820251    7 27.15  -10 0.00000        0
 1634.953884    6 27.09  -10 0.00000        0
 1731.936997    6 26.94  -10 0.00000        0
 1693.439869    7 27.12  -10 0.00000        0
 1474.476692    0 27.16  -10 0.00000        0
 1522.986450    0 27.15  -10 0.00000        0
 1697.384777    7 27.06  -10 0.00000        0
 1698.008744    5 27.06  -10 0.00000        0
 1662.688009    0 27.12  -10 0.00000        0
 1646.158359    7 27.18  -10 0.00000        0
 1550.837021    0 27.17  -10 0.00000        0
 1602.546296    5 27.16  -10 0.00000        0
 1438.226174    0 27.09  -10 0.00000        0
 1591.780211    0 26.89  -10 0.00000        0
 1679.594150    0 27.10  -10 0.00000        0
 1580.097860    7 27.14  -10 0.00000        0
 1697.375291    0 27.15  -10 0.00000        0
 1653.825720    7 27.10  -10 0.00000        0
 1557.879231    4 27.05  -10 0.00000        0
 1554.504809    6 27.10  -10 0.00000        0
 1624.114516    0 27.15  -10 0.00000        0
 1601.512282    0 27.16  -10 0.00000        0
 1590.073256    6 27.14  -10 0.00000        0
 1679.667433    6 27.09  -10 0.00000        0
 1638.206524    0 32.29   -5 0.00000        0
 1535.053237    1 32.14   -5 0.00000        0
 1774.687341    0 32.29   -5 0.00000        0
 1563.956676    0 32.35   -5 0.00000        0
 1701.000390    3 32.34   -5 0.00000        0
 1694.735470    2 32.29   -5 0.00000        0
 1559.982478    2 32.34   -5 0.00000        0
 1591.021538    1 32.38   -5 0.00000        0
 1610.019425    2 32.44   -5 0.00000        0
 1527.497696    3 32.44   -5 0.00000        0
 1732.360445    1 32.45   -5 0.00000        0
 1680.380808    0 32.35   -5 0.00000        0
 1717.654787    2 32.13   -5 0.00000        0
 1608.784061    1 32.34   -5 0.00000        0
 1620.134982    1 32.39   -5 0.00000        0
 1635.169343    1 32.39   -5 0.00000        0
 1656.727128    1 32.35   -5 0.00000        0
 1611.030909    2 32.39   -5 0.00000        0
 1714.561992    2 32.44   -5 0.00000        0
 1671.378358    2 32.50   -5 0.00000        0
 1575.583650    2 32.49   -5 0.00000        0
 1592.756833    2 32.48   -5 0.00000        0
 1642.948644    3 32.40   -5 0.00000        0
 1611.774285    0 32.23   -5 0.00000        0
 1567.681857    1 32.49   -5 0.00000        0
 1736.552355    1 32.47   -5 0.00000        0
 1661.291971    2 32.46   -5 0.00000        0
 1628.272631    2 32.37   -5 0.00000        0
 1626.829872    2 32.39   -5 0.00000        0
 1623.538456    1 32.43   -5 0.00000        0
 1682.061438    1 32.48   -5 0.00000        0
 1528.818673    0 32.50   -5 0.00000        0
 1704.898223    0 32.49   -5 0.00000        0
 1645.885862    3 32.40   -5 0.00000        0
 1626.911810    2 32.20   -5 0.00000        0
 1618.962941    7 32.50   -5 0.00000        0
 1606.078311    1 32.49   -5 0.00000        0
 1677.809882    2 32.50   -5 0.00000        0
 1688.826408    2 32.41   -5 0.00000        0
 1697.578299    3 32.42   -5 0.00000        0
 1584.890613    2 32.43   -5 0.00000        0
 1663.263951    1 32.49   -5 0.00000        0
 1538.461809    2 32.49   -5 0.00000        0
 1526.640009    2 32.49   -5 0.00000        0
 1658.567721    1 32.40   -5 0.00000        0
 1663.299287    0 32.23   -5 0.00000        0
 1575.654798    2 32.50   -5 0.00000        0
 1646.473781    7 32.48   -5 0.00000        0
 1686.536990    1 32.49   -5 0.00000        0
 1607.382331    1 32.41   -5 0.00000        0
 1711.967468    2 32.43   -5 0.00000        0
 1656.710289    2 32.45   -5 0.00000        0
 1680.639075    2 32.49   -5 0.00000        0
 1624.978962    2 32.49   -5 0.00000        0
 1586.463691    3 32.49   -5 0.00000        0
 1683.863849    1 32.42   -5 0.00000        0
 1625.283000    2 32.21   -5 0.00000        0
 1521.238349    1 32.49   -5 0.00000        0
 1747.618684    2 32.49   -5 0.00000        0
 1611.034822    1 32.47   -5 0.00000        0
 1648.319592    2 32.42   -5 0.00000        0
 1626.599353    1 32.42   -5 0.00000        0
 1671.574251    2 32.44   -5 0.00000        0
 1639.050337    2 32.48   -5 0.00000        0
 1722.540981    2 32.49   -5 0.00000        0
 1544.309684    2 32.49   -5 0.00000        0
 1732.662112    2 32.41   -5 0.00000        0
 1676.220203    2 32.19   -5 0.00000        0
 1599.581330    1 32.48   -5 0.00000        0
 1577.103723    1 32.49   -5 0.00000        0
 1694.175774    0 32.49   -5 0.00000        0
 1582.311387    2 32.40   -5 0.00000        0
 1705.843303    3 32.40   -5 0.00000        0
 1615.044001    2 32.44   -5 0.00000        0
 1630.314691    2 32.48   -5 0.00000        0
 1724.906882    0 32.48   -5 0.00000        0
 1651.026766    0 32.49   -5 0.00000        0
 1660.277166    1 32.39   -5 0.00000        0
 1654.939302    1 32.27   -5 0.00000        0
 1634.802458    1 32.48   -5 0.00000        0
 1715.235643    2 32.49   -5 0.00000        0
 1578.767040    2 32.50   -5 0.00000        0
 1566.384358    2 32.41   -5 0.00000        0
 1609.507160    2 32.41   -5 0.00000        0
 1594.172674    2 32.44   -5 0.00000        0
 1651.813423    0 32.48   -5 0.00000        0
 1607.950802    0 32.48   -5 0.00000        0
 1677.276748    0 32.47   -5 0.00000        0
 1698.470019    1 32.38   -5 0.00000        0
 1746.403361    0 32.22   -5 0.00000        0
 1686.584304    2 32.48   -5 0.00000        0
 1541.923861    3 32.49   -5 0.00000        0
 1675.078399    1 32.48   -5 0.00000        0
 1523.273888    2 32.41   -5 0.00000        0
 1629.318148    2 32.42   -5 0.00000        0
 1711.061520    1 32.45   -5 0.00000        0
 1695.311175    1 32.48   -5 0.00000        0
 1686.156231    0 32.47   -5 0.00000        0
 1529.535250    2 32.48   -5 0.00000        0
 1650.218764    2 32.43   -5 0.00000        0
 1640.801403    4 37.63    0 0.00000        0
 1635.830662    4 37.45    0 0.00000        0
 1540.675573    3 37.65    0 0.00000        0
 1528.221032    2 37.68    0 0.00000        0
 1559.977142    3 37.67    0 0.00000        0
 1598.349525    2 37.60    0 0.00000        0
 1604.710731    3 37.58    0 0.00000        0
 1599.289387    4 37.61    0 0.00000        0
 1616.689057    3 37.65    0 0.00000        0
 1590.356543    3 37.65    0 0.00000        0
 1590.087486    4 37.64    0 0.00000        0
 1684.658333    3 37.56    0 0.00000        0
 1640.962909    3 37.39    0 0.00000        0
 1561.262665    4 37.62    0 0.00000        0
 1625.146041    3 37.56    0 0.00000        0
 1621.584026    4 37.59    0 0.00000        0
 1586.774014    4 37.54    0 0.00000        0
 1592.918338    4 37.53    0 0.00000        0
 1594.863282    3 37.57    0 0.00000        0
 1594.246075    3 37.63    0 0.00000        0
 1548.434478    3 37.62    0 0.00000        0
 1613.699308    4 37.62    0 0.00000        0
 1544.640403    4 37.53    0 0.00000        0
 1640.141626    3 37.36    0 0.00000        0
 1591.355695    4 37.62    0 0.00000        0
 1631.071348    3 37.60    0 0.00000        0
 1586.714724    3 37.61    0 0.00000        0
 1610.332593    3 37.55    0 0.00000        0
 1588.168985    2 37.54    0 0.00000        0
 1584.091860    3 37.58    0 0.00000        0
 1592.659242    3 37.63    0 0.00000        0
 1629.886856    5 37.63    0 0.00000        0
 1614.323274    4 37.63    0 0.00000        0
 1651.276020    4 37.54    0 0.00000        0
 1526.332057    4 37.39    0 0.00000        0
 1580.181340    3 37.62    0 0.00000        0
 1599.298755    3 37.62    0 0.00000        0
 1586.295426    4 37.62    0 0.00000        0
 1687.638240    3 37.56    0 0.00000        0
 1639.483153    4 37.54    0 0.00000        0
 1599.933749    3 37.57    0 0.00000        0
 1567.747787    3 37.63    0 0.00000        0
 1595.214871    3 37.62    0 0.00000        0
 1588.561365    3 37.63    0 0.00000        0
 1631.626420    3 37.54    0 0.00000        0
 1560.764274    3 37.38    0 0.00000        0
 1640.460724    3 37.61    0 0.00000        0
 1583.060929    4 37.62    0 0.00000        0
 1613.787175    3 37.62    0 0.00000        0
 1574.792131    3 37.55    0 0.00000        0
 1616.092720    3 37.38    0 0.00000        0
 1598.778783    4 37.57    0 0.00000        0
 1555.077905    2 37.62    0 0.00000        0
 1602.870612    4 37.62    0 0.00000        0
 1634.738425    3 37.62    0 0.00000        0
 1599.236145    2 37.55    0 0.00000        0
 1539.027553    4 37.38    0 0.00000        0
 1669.350052    5 37.61    0 0.00000        0
 1598.770838    3 37.62    0 0.00000        0
 1639.771539    4 37.62    0 0.00000        0
 1638.995079    3 37.55    0 0.00000        0
 1561.604411    3 37.37    0 0.00000        0
 1539.915122    3 37.56    0 0.00000        0
 1683.842742    3 37.61    0 0.00000        0
 1670.414305    4 37.62    0 0.00000        0
 1590.080490    4 37.54    0 0.00000        0
 1591.946341    4 37.54    0 0.00000        0
 1586.944057    4 37.56    0 0.00000        0
 1633.667294    1 37.61    0 0.00000        0
 1622.683971    4 37.62    0 0.00000        0
 1595.727372    4 37.62    0 0.00000        0
 1618.542931    3 37.53    0 0.00000        0
 1594.523789    3 37.38    0 0.00000        0
 1562.325850    3 37.56    0 0.00000        0
 1644.573304    3 37.61    0 0.00000        0
 1568.285309    4 37.61    0 0.00000        0
 1603.484973    3 37.54    0 0.00000        0
 1577.538199    3 37.54    0 0.00000        0
 1577.271513    3 37.56    0 0.00000        0
 1631.279337    4 37.61    0 0.00000        0
 1640.706065    4 37.60    0 0.00000        0
 1546.103914    3 37.61    0 0.00000        0
 1596.211889    3 37.54    0 0.00000        0
 1610.754144    4 37.38    0 0.00000        0
 1632.766682    3 37.56    0 0.00000        0
 1618.067546    3 37.61    0 0.00000        0
 1604.656896    4 37.61    0 0.00000        0
 1522.754746    5 37.54    0 0.00000        0
 1641.530668    3 37.53    0 0.00000        0
 1599.013096    2 37.56    0 0.00000        0
 1573.826655    4 37.60    0 0.00000        0
 1582.179763    5 37.62    0 0.00000        0
 1634.830917    3 37.61    0 0.00000        0
 1532.123607    4 37.55    0 0.00000        0
 1589.925506    4 37.38    0 0.00000        0
 1614.760358    4 37.56    0 0.00000        0
 1609.822108    4 37.61    0 0.00000        0
 1535.579256    2 37.62    0 0.00000        0
 1577.764330    3 37.54    0 0.00000        0
 1549.832414    4 37.52    0 0.00000        0
 1522.864195    5 42.25    5 0.00000        0
 1604.788045    5 42.02    5 0.00000        0
 1597.778445    4 42.27    5 0.00000        0
 1532.368118    5 42.26    5 0.00000        0
 1544.389251    5 42.31    5 0.00000        0
 1570.088668    4 42.31    5 0.00000        0
 1570.221596    5 42.15    5 0.00000        0
 1561.099973    4 42.35    5 0.00000        0
 1567.100816    5 42.45    5 0.00000        0
 1584.201665    4 42.48    5 0.00000        0
 1620.809700    4 42.48    5 0.00000        0
 1560.145051    5 42.41    5 0.00000        0
 1621.062275    5 42.22    5 0.00000        0
 1505.397646    5 42.48    5 0.00000        0
 1552.252981    5 42.47    5 0.00000        0
 1519.950929    3 42.46    5 0.00000        0
 1568.071272    5 42.39    5 0.00000        0
 1589.071732    3 42.24    5 0.00000        0
 1639.801302    3 42.42    5 0.00000        0
 1515.330117    5 42.47    5 0.00000        0
 1514.686111    5 42.48    5 0.00000        0
 1557.971011    4 42.48    5 0.00000        0
 1564.567836    4 42.44    5 0.00000        0
 1519.353762    4 42.28    5 0.00000        0
 1649.929904    4 42.52    5 0.00000        0
 1492.303486    5 42.54    5 0.00000        0
 1651.656424    4 42.55    5 0.00000        0
 1590.674455    5 42.46    5 0.00000        0
 1560.363831    5 42.29    5 0.00000        0
 1559.865203    5 42.47    5 0.00000        0
 1550.559426    5 42.51    5 0.00000        0
 1478.530812    5 42.51    5 0.00000        0
 1571.608860    5 42.44    5 0.00000        0
 1593.644876    5 42.43    5 0.00000        0
 1552.526426    5 42.25    5 0.00000        0
 1558.323905    5 42.51    5 0.00000        0
 1570.266182    4 42.50    5 0.00000        0
 1556.851738    5 42.51    5 0.00000        0
 1609.556371    5 42.42    5 0.00000        0
 1588.736270    5 42.25    5 0.00000        0
 1550.551837    4 42.43    5 0.00000        0
 1579.787893    4 42.49    5 0.00000        0
 1553.010705    4 42.48    5 0.00000        0
 1556.624421    3 42.41    5 0.00000        0
 1616.281617    4 42.40    5 0.00000        0
 1582.960136    4 42.44    5 0.00000        0
 1566.559974    4 42.49    5 0.00000        0
 1543.983235    4 42.48    5 0.00000        0
 1514.157720    5 42.49    5 0.00000        0
 1576.952178    4 42.42    5 0.00000        0
 1537.627364    5 42.25    5 0.00000        0
 1545.943831    4 42.44    5 0.00000        0
 1562.154621    4 42.50    5 0.00000        0
 1559.187283    5 42.50    5 0.00000        0
 1610.500858    5 42.42    5 0.00000        0
 1604.897731    4 42.42    5 0.00000        0
 1590.226461    4 42.45    5 0.00000        0
 1581.218319    5 42.50    5 0.00000        0
 1594.631340    4 42.50    5 0.00000        0
 1607.162722    4 42.49    5 0.00000        0
 1561.113373    4 42.42    5 0.00000        0
 1521.758914    5 42.27    5 0.00000        0
 1585.872216    4 42.43    5 0.00000        0
 1524.310274    5 42.49    5 0.00000        0
 1588.562196    4 42.49    5 0.00000        0
 1557.353804    5 42.40    5 0.00000        0
 1596.306041    5 42.42    5 0.00000        0
 1593.782666    4 42.44    5 0.00000        0
 1585.374655    5 42.49    5 0.00000        0
 1537.383564    5 42.48    5 0.00000        0
 1644.393774    4 42.49    5 0.00000        0
 1550.317642    5 42.42    5 0.00000        0
 1602.795432    5 42.23    5 0.00000        0
 1546.637048    5 42.44    5 0.00000        0
 1607.281420    5 42.49    5 0.00000        0
 1591.124821    5 42.48    5 0.00000        0
 1571.315494    5 42.42    5 0.00000        0
 1538.840197    6 42.41    5 0.00000        0
 1570.596545    5 42.43    5 0.00000        0
 1522.009828    5 42.49    5 0.00000        0
 1505.280252    5 42.49    5 0.00000        0
 1548.355386    6 42.50    5 0.00000        0
 1514.163056    4 42.42    5 0.00000        0
 1578.432171    4 42.24    5 0.00000        0
 1626.518126    3 42.44    5 0.00000        0
 1574.970475    3 42.49    5 0.00000        0
 1593.000514    5 42.50    5 0.00000        0
 1628.535878    5 42.41    5 0.00000        0
 1535.790684    3 42.41    5 0.00000        0
 1589.522572    3 42.44    5 0.00000        0
 1573.826062    4 42.49    5 0.00000        0
 1567.426673    4 42.48    5 0.00000        0
 1547.849525    4 42.49    5 0.00000        0
 1560.147067    4 42.42    5 0.00000        0
 1619.684735    4 42.25    5 0.00000        0
 1617.569392    5 42.49    5 0.00000        0
 1564.467517    4 42.50    5 0.00000        0
 1533.469012    5 42.49    5 0.00000        0
 1581.686590    5 42.41    5 0.00000        0
 1605.141175    5 42.42    5 0.00000        0
 1586.595314    6 47.22   10 0.00000        0
 1600.067863    6 47.23   10 0.00000        0
 1579.210528    6 47.14   10 0.00000        0
 1499.368700    5 47.16   10 0.00000        0
 1572.830112    6 47.17   10 0.00000        0
 1573.901123    4 47.23   10 0.00000        0
 1567.566834    4 47.25   10 0.00000        0
 1620.467005    5 47.27   10 0.00000        0
 1583.657977    5 47.21   10 0.00000        0
 1566.206607    5 47.07   10 0.00000        0
 1516.008867    6 47.32   10 0.00000        0
 1606.854889    4 47.31   10 0.00000        0
 1507.774339    6 47.31   10 0.00000        0
 1541.275468    5 47.22   10 0.00000        0
 1548.266214    5 47.22   10 0.00000        0
 1532.247879    6 47.23   10 0.00000        0
 1550.372545    6 47.29   10 0.00000        0
 1570.123531    5 47.30   10 0.00000        0
 1567.090974    6 47.30   10 0.00000        0
 1592.063853    5 47.23   10 0.00000        0
 1605.123626    6 47.04   10 0.00000        0
 1541.443614    6 47.29   10 0.00000        0
 1577.775833    6 47.28   10 0.00000        0
 1561.523896    5 47.29   10 0.00000        0
 1554.338679    5 47.22   10 0.00000        0
 1604.612310    5 47.22   10 0.00000        0
 1574.829009    6 47.26   10 0.00000        0
 1528.488310    6 47.31   10 0.00000        0
 1606.379029    5 47.32   10 0.00000        0
 1618.262490    4 47.33   10 0.00000        0
 1562.172052    4 47.25   10 0.00000        0
 1559.513377    4 47.10   10 0.00000        0
 1642.740537    4 47.32   10 0.00000        0
 1554.747660    5 47.32   10 0.00000        0
 1543.998769    6 47.31   10 0.00000        0
 1535.736018    6 47.24   10 0.00000        0
 1567.646164    5 47.22   10 0.00000        0
 1567.650077    6 47.26   10 0.00000        0
 1576.334971    5 47.31   10 0.00000        0
 1597.811647    5 47.31   10 0.00000        0
 1576.732924    6 47.31   10 0.00000        0
 1549.937713    6 47.25   10 0.00000        0
 1582.708154    5 47.07   10 0.00000        0
 1573.554278    5 47.32   10 0.00000        0
 1520.890080    6 47.32   10 0.00000        0
 1549.422247    5 47.33   10 0.00000        0
 1545.353541    5 47.25   10 0.00000        0
 1549.657509    6 47.23   10 0.00000        0
 1566.181824    5 47.26   10 0.00000        0
 1555.544397    4 47.31   10 0.00000        0
 1587.420748    4 47.32   10 0.00000        0
 1566.958046    4 47.32   10 0.00000        0
 1542.459012    4 47.25   10 0.00000        0
 1560.814789    4 47.08   10 0.00000        0
 1574.799246    3 47.30   10 0.00000        0
 1580.198297    4 47.30   10 0.00000        0
 1543.680856    6 47.31   10 0.00000        0
 1566.699424    5 47.25   10 0.00000        0
 1536.348127    6 47.24   10 0.00000        0
 1575.768279    6 47.25   10 0.00000        0
 1593.044389    6 47.30   10 0.00000        0
 1554.893157    5 47.30   10 0.00000        0
 1598.963293    5 47.30   10 0.00000        0
 1536.110493    5 47.24   10 0.00000        0
 1552.393261    6 47.06   10 0.00000        0
 1497.624156    5 47.31   10 0.00000        0
 1525.291876    6 47.31   10 0.00000        0
 1528.017667    5 47.31   10 0.00000        0
 1587.669528    5 47.23   10 0.00000        0
 1581.496626    5 47.23   10 0.00000        0
 1560.234579    5 47.25   10 0.00000        0
 1525.017365    5 47.31   10 0.00000        0
 1587.611424    5 47.31   10 0.00000        0
 1559.619743    4 47.31   10 0.00000        0
 1541.534564    4 47.22   10 0.00000        0
 1549.469086    5 47.07   10 0.00000        0
 1556.552087    5 47.31   10 0.00000        0
 1564.952153    5 47.30   10 0.00000        0
 1538.602682    5 47.31   10 0.00000        0
 1531.583477    5 47.23   10 0.00000        0
 1607.244304    5 47.23   10 0.00000        0
 1612.700748    6 47.24   10 0.00000        0
 1518.955690    6 47.31   10 0.00000        0
 1612.947394    6 47.30   10 0.00000        0
 1520.400228    6 47.30   10 0.00000        0
 1515.964281    5 47.22   10 0.00000        0
 1516.764219    5 47.07   10 0.00000        0
 1577.763856    6 47.30   10 0.00000        0
 1534.045902    6 47.30   10 0.00000        0
 1522.673282    6 47.31   10 0.00000        0
 1523.475117    5 47.23   10 0.00000        0
 1572.070727    5 47.06   10 0.00000        0
 1530.393886    5 47.24   10 0.00000        0
 1618.039679    3 47.30   10 0.00000        0
 1577.847929    3 47.30   10 0.00000        0
 1550.106215    6 47.29   10 0.00000        0
 1531.803324    5 47.23   10 0.00000        0
 1549.293351    4 47.06   10 0.00000        0
 1560.626959    5 47.30   10 0.00000        0
 1580.368222    3 47.30   10 0.00000        0
 1612.768220    6 50.85   15 0.00000        0
 1620.711042    6 50.85   15 0.00000        0
 1533.708899    6 50.70   15 0.00000        0
 -558.266342    2 -0.74   15 0.49375        1
-8596.591823    0 50.79   15 0.53625        1
 1612.433825    5 50.95   15 0.00000        0
 1631.983937    6 50.98   15 0.00000        0
 1615.138983    6 50.91   15 0.00000        0
 1626.435594    6 50.94   15 0.00000        0
 1609.765427    5 50.97   15 0.00000        0
 1660.576224    4 51.03   15 0.00000        0
 1577.567844    5 51.01   15 0.00000        0
 1623.728539    5 50.99   15 0.00000        0
 1556.189589    5 50.93   15 0.00000        0
 1586.381871    5 50.75   15 0.00000        0
 1628.287572    5 50.94   15 0.00000        0
 1610.789244    6 51.00   15 0.00000        0
 1643.617552    6 50.99   15 0.00000        0
 1642.786783    5 50.92   15 0.00000        0
 1633.553932    4 50.92   15 0.00000        0
 1591.589890    5 50.95   15 0.00000        0
 1643.524941    5 51.02   15 0.00000        0
 1665.676929    4 51.01   15 0.00000        0
 1622.600135    6 51.01   15 0.00000        0
 1617.276738    6 50.94   15 0.00000        0
 1633.481361    5 50.78   15 0.00000        0
 1601.758927    6 50.98   15 0.00000        0
 1591.926301    5 51.03   15 0.00000        0
 1638.471313    6 51.04   15 0.00000        0
 1602.819623    6 50.96   15 0.00000        0
 1623.146906    5 50.98   15 0.00000        0
 1601.212038    6 50.99   15 0.00000        0
 1577.312542    6 51.05   15 0.00000        0
 1599.458363    6 51.04   15 0.00000        0
 1546.551670    5 51.06   15 0.00000        0
 1603.157337    5 50.96   15 0.00000        0
 1600.842188    5 50.79   15 0.00000        0
 1605.977636    5 51.03   15 0.00000        0
 1572.979166    5 51.05   15 0.00000        0
 1621.462244    5 51.04   15 0.00000        0
 1608.126419    5 50.97   15 0.00000        0
 1636.897879    5 50.97   15 0.00000        0
 1576.202755    6 50.99   15 0.00000        0
 1561.129737    4 51.06   15 0.00000        0
 1583.724263    4 51.04   15 0.00000        0
 1593.850968    6 51.04   15 0.00000        0
 1620.733217    5 50.94   15 0.00000        0
 1566.158938    4 50.80   15 0.00000        0
 1634.254857    5 51.02   15 0.00000        0
 1620.728711    6 51.03   15 0.00000        0
 1605.490630    6 51.04   15 0.00000        0
 1553.537199    6 50.97   15 0.00000        0
 1547.157850    5 50.98   15 0.00000        0
 1653.654966    6 50.98   15 0.00000        0
 1561.945446    5 51.02   15 0.00000        0
 1633.831646    5 51.02   15 0.00000        0
 1579.307645    5 51.02   15 0.00000        0
 1581.853788    6 50.95   15 0.00000        0
 1635.639393    6 50.78   15 0.00000        0
 1596.551145    6 51.03   15 0.00000        0
 1582.871438    4 51.04   15 0.00000        0
 1625.732536    5 51.02   15 0.00000        0
 1564.516609    5 50.97   15 0.00000        0
 1564.294984    5 50.98   15 0.00000        0
 1655.628013    4 50.98   15 0.00000        0
 1598.069439    3 51.05   15 0.00000        0
 1571.421267    6 51.05   15 0.00000        0
 1665.239370    5 51.04   15 0.00000        0
 1611.096958    5 50.96   15 0.00000        0
 1591.601155    5 50.82   15 0.00000        0
 1608.681253    5 51.04   15 0.00000        0
 1577.310289    5 51.03   15 0.00000        0
 1630.540586    5 51.02   15 0.00000        0
 1599.179819    6 50.96   15 0.00000        0
 1577.195148    6 50.79   15 0.00000        0
 1589.434112    5 50.98   15 0.00000        0
 1591.469176    5 51.03   15 0.00000        0
 1590.493977    6 51.05   15 0.00000        0
 1621.022314    5 51.04   15 0.00000        0
 1576.671737    6 50.96   15 0.00000        0
 1564.725428    6 50.82   15 0.00000        0
 1617.675521    5 51.03   15 0.00000        0
 1639.909921    5 51.04   15 0.00000        0
 1586.851209    4 51.03   15 0.00000        0
 1587.184537    4 50.97   15 0.00000        0
 1609.470282    4 50.80   15 0.00000        0
 1594.618534    5 50.98   15 0.00000        0
 1621.845138    4 51.04   15 0.00000        0
 1571.002680    5 51.04   15 0.00000        0
 1596.366042    5 50.97   15 0.00000        0
 1582.131264    5 50.97   15 0.00000        0
 1605.839610    5 50.80   15 0.00000        0
 1595.225543    4 51.03   15 0.00000        0
 1628.604180    5 51.04   15 0.00000        0
 1582.923376    6 51.04   15 0.00000        0
 1635.976515    6 50.96   15 0.00000        0
 1618.654871    4 50.78   15 0.00000        0
 1613.087674    6 50.97   15 0.00000        0
 1611.099922    5 51.03   15 0.00000        0
 1577.077517    5 51.03   15 0.00000        0
 1553.261501    5 50.96   15 0.00000        0