        cfo  sto   snr  txp  ber  invalid
1435.484020    0 15.41  -20  0.0        0
1764.774198    6 21.98  -15  0.0        0
1578.229874    6 21.97  -15  0.0        0
1833.447126    0 21.85  -15  0.0        0
1863.429048    1 21.89  -15  0.0        0
1674.118971    1 21.94  -15  0.0        0
1602.413606    7 21.89  -15  0.0        0
1760.073819    0 21.95  -15  0.0        0
1850.145397    1 21.95  -15  0.0        0
1566.448035    0 21.81  -15  0.0        0
1547.546079    0 21.75  -15  0.0        0
1818.012914    0 27.79  -10  0.0        0
1756.894935    2 28.08  -10  0.0        0
1770.128426    0 28.11  -10  0.0        0
1755.006435    2 28.02  -10  0.0        0
1755.418737    1 27.71  -10  0.0        0
1728.585580    1 28.07  -10  0.0        0
1719.583485    7 27.84  -10  0.0        0
1722.925653    3 27.80  -10  0.0        0
1719.437158    0 27.70  -10  0.0        0
1661.780756    7 27.74  -10  0.0        0
1778.094135    6 32.86   -5  0.0        0
1826.028426    6 33.33   -5  0.0        0
1814.507699    6 33.31   -5  0.0        0
1728.644395    7 33.03   -5  0.0        0
1640.795474    5 32.94   -5  0.0        0
1794.190732    5 32.93   -5  0.0        0
1733.373471    4 33.03   -5  0.0        0
1712.446056    4 33.00   -5  0.0        0
1676.597168    5 33.01   -5  0.0        0
1733.053306    6 33.01   -5  0.0        0
1784.106243    1 38.13    0  0.0        0
1743.882595    1 38.06    0  0.0        0
1764.323714    1 37.86    0  0.0        0
1721.100712    1 38.14    0  0.0        0
1642.345311    1 38.12    0  0.0        0
1710.856258    7 38.11    0  0.0        0
1774.806276    7 38.12    0  0.0        0
1695.505645    1 38.02    0  0.0        0
1763.662277    1 37.86    0  0.0        0
1710.644831    6 38.13    0  0.0        0
1726.242089    3 42.74    5  0.0        0
1735.529961    3 43.30    5  0.0        0
1724.795180    3 43.01    5  0.0        0
1732.661874    1 42.98    5  0.0        0
1756.287926    0 42.90    5  0.0        0
1680.536977    2 42.92    5  0.0        0
1673.824419    2 43.00    5  0.0        0
1700.323063    2 42.99    5  0.0        0
1732.065419    2 43.00    5  0.0        0
1741.918085    1 43.01    5  0.0        0
1724.208567    4 47.83   10  0.0        0
1756.643783    4 47.82   10  0.0        0
1703.980060    4 47.81   10  0.0        0
1721.131306    3 47.71   10  0.0        0
1777.724166    7 47.56   10  0.0        0
1712.864761    7 47.76   10  0.0        0
1760.185047    3 47.74   10  0.0        0
1720.102864    2 47.73   10  0.0        0
1785.569634    1 47.65   10  0.0        0
1762.115642    2 47.66   10  0.0        0
1720.028633    5 51.38   15  0.0        0
1775.017704    1 51.25   15  0.0        0
1726.474861    1 51.50   15  0.0        0
1741.046999    5 51.44   15  0.0        0
1772.040287    4 51.44   15  0.0        0
1760.880398    2 51.36   15  0.0        0
1794.405243    3 51.05   15  0.0        0
1692.498109    2 51.20   15  0.0        0
1730.179883    3 51.20   15  0.0        0
1739.266525    4 51.19   15  0.0        0