          cfo  sto    snr  txp     ber  invalid
  1588.296458    1  10.89  -25 0.00000      0.0
  1398.711751    3  10.48  -25 0.00000      0.0
  1405.639295    2  10.54  -25 0.00000      0.0
  1088.365980    7  10.41  -25 0.00000      0.0
  2296.925265    0  10.27  -25 0.00000      0.0
  1778.339476    1  10.65  -25 0.00000      0.0
  1130.326939    4  10.63  -25 0.01000      1.0
  2068.681687    7  10.62  -25 0.00000      0.0
  1101.258436    5  10.76  -25 0.00000      0.0
  2642.765016    2  10.34  -25 0.03125      1.0
  1118.902736    4  10.55  -25 0.00000      0.0
  1042.334181    6  10.59  -25 0.50625      1.0
   806.832638    0  10.52  -25 0.00000      0.0
  1036.667258    0  10.48  -25 0.00000      0.0
  1392.303113    6  10.49  -25 0.00000      0.0
  1127.666485    5  10.59  -25 0.00000      0.0
   927.892108    7  10.60  -25 0.00000      0.0
  1358.179203    2  10.67  -25 0.00125      1.0
  1415.526231    2  10.72  -25 0.00000      0.0
  1847.752341    3  10.31  -25 0.00000      0.0
  1144.791524    1  10.36  -25 0.00000      0.0
  1254.707292    6  10.46  -25 0.00000      0.0
  1836.007380    5  10.30  -25 0.00000      0.0
  2708.064233    4  10.61  -25 0.00000      0.0
   710.379754    1  10.55  -25 0.00000      0.0
  1432.094894    1  10.44  -25 0.00125      1.0
  1291.077219    0  10.41  -25 0.00000      0.0
  1051.778459    4  10.44  -25 0.00000      0.0
  1716.655634    6  10.77  -25 0.00000      0.0
  1131.903100    5  10.66  -25 0.00000      0.0
  1226.643871    4  10.66  -25 0.09000      1.0
  1107.742017    0  10.24  -25 0.00000      0.0
   958.361333    0  10.58  -25 0.00000      0.0
  1262.063145    7  10.61  -25 0.00125      1.0
   721.602727    2  10.64  -25 0.00000      0.0
  1248.588225    1  10.57  -25 0.00000      0.0
  1386.916394    7  10.44  -25 0.00000      0.0
  1240.661767    2  10.64  -25 0.00000      0.0
  1684.772762    7  10.80  -25 0.00000      0.0
  1426.788809    4  10.74  -25 0.00000      0.0
  2042.025925    4  10.77  -25 0.00000      0.0
  1535.283755    2  10.62  -25 0.00000      0.0
  2208.746811    2  10.71  -25 0.00000      0.0
  1129.147545    0  10.16  -25 0.06375      1.0
  1183.159282    4  10.53  -25 0.00000      0.0
  1469.362469    0  10.86  -25 0.00000      0.0
   425.007780    2  10.71  -25 0.00000      0.0
  1181.939453    4  10.63  -25 0.00000      0.0
  1305.819756    3  10.49  -25 0.17625      1.0
  1480.559355    3  10.77  -25 0.03375      1.0
  2314.437348    2  10.79  -25 0.00000      0.0
  1524.312290    3  10.89  -25 0.00500      1.0
   918.907978    7  10.74  -25 0.00000      0.0
  1136.432132    4  10.63  -25 0.00000      0.0
  2246.561632    2  10.38  -25 0.00000      0.0
  1215.896877    7  10.55  -25 0.00000      0.0
   825.119995    2  10.57  -25 0.00000      0.0
  1478.547651    6  10.35  -25 0.00000      0.0
  1422.474644    2  10.59  -25 0.00000      0.0
   830.436159    6  10.68  -25 0.00000      0.0
  1469.245905    1  10.75  -25 0.00000      0.0
   915.646978    6  10.49  -25 0.00000      0.0
  1521.460686    5  10.35  -25 0.00000      0.0
  1466.141252    1  10.63  -25 0.01625      1.0
  1107.869490    4  10.79  -25 0.12750      1.0
  1863.099515    4  10.65  -25 0.00000      0.0
  1217.867908    1  10.68  -25 0.00000      0.0
  1481.999979    7  10.62  -25 0.00125      1.0
  1467.873346    3  10.75  -25 0.00000      0.0
  1428.100893    1  10.79  -25 0.00000      0.0
  1079.413096    5  10.66  -25 0.00000      0.0
  1902.756352    0  10.91  -25 0.00000      0.0
  1809.300154    1  10.68  -25 0.00000      0.0
   542.181899    7  10.81  -25 0.00000      0.0
  1260.519593    1  10.53  -25 0.00000      0.0
  1361.636868    1  10.70  -25 0.00000      0.0
  2146.190579    2  10.48  -25 0.00000      0.0
  2445.477610    3  10.45  -25 0.00000      0.0
  1487.254245    3  10.16  -25 0.00250      1.0
  1117.270249    4  10.05  -25 0.00000      0.0
  2147.852117    7  10.40  -25 0.00000      0.0
  2119.053383    1  10.42  -25 0.02125      1.0
  1373.805514    5  10.19  -25 0.00000      0.0
   920.575979    5  10.22  -25 0.00000      0.0
  1099.558596    3  10.18  -25 0.00125      1.0
  1321.115348    5  10.20  -25 0.00125      1.0
   856.283326    2  10.30  -25 0.00000      0.0
  1438.441397    5  10.43  -25 0.02625      1.0
   774.238465    2  10.25  -25 0.00000      0.0
  1124.757251    1  10.39  -25 0.00000      0.0
  1004.684779    6  10.29  -25 0.00000      0.0
   729.700770    2  10.12  -25 0.00000      0.0
  1231.176935    6  10.36  -25 0.00000      0.0
  2573.481284    3  10.29  -25 0.00000      0.0
  1876.395498    5  10.45  -25 0.00000      0.0
  1166.174522    0  10.24  -25 0.00000      0.0
  1051.876643    2  10.08  -25 0.00500      1.0
  1830.753589    5  10.38  -25 0.00000      0.0
   855.630900    2  10.02  -25 0.00000      0.0
  1500.828060    3  10.27  -25 0.00125      1.0
  1172.794114    6  10.17  -25 0.00000      0.0
  1692.202608    1  10.45  -25 0.00000      0.0
   877.333174    7  10.31  -25 0.00000      0.0
  2907.471131    5  10.26  -25 0.00000      0.0
  1299.030951    4  10.28  -25 0.00000      0.0
  2599.582568    1  10.30  -25 0.00000      0.0
  2333.340134    1  10.48  -25 0.00000      0.0
  1426.894938    4  10.32  -25 0.00000      0.0
  1048.404986    3  10.23  -25 0.49875      1.0
  1105.791144    0  10.29  -25 0.01625      1.0
  2360.779944    6  10.17  -25 0.00000      0.0
  1539.294001    7   9.98  -25 0.01000      1.0
  2202.394735    7  10.16  -25 0.00000      0.0
  1024.345763    7  10.38  -25 0.00000      0.0
  1418.946543    3  10.57  -25 0.00000      0.0
  1514.819513    2  10.54  -25 0.00000      0.0
  1377.716746    6  10.44  -25 0.00000      0.0
  1734.225585    3  10.37  -25 0.00000      0.0
  1500.794620    1  10.41  -25 0.00000      0.0
  1408.867270    4  10.53  -25 0.00000      0.0
  1273.874155    1  10.81  -25 0.00000      0.0
  2446.490992    2  10.60  -25 0.00000      0.0
  1234.114627    7  10.43  -25 0.00000      0.0
  1549.371139    7  10.53  -25 0.00000      0.0
  1249.743191    4  10.56  -25 0.00000      0.0
   986.125637    4  10.59  -25 0.00000      0.0
  1868.445442    3  10.50  -25 0.00000      0.0
   676.515059    4  10.18  -25 0.00000      0.0
  1408.076225    7  10.61  -25 0.00000      0.0
  1129.351976    3  10.64  -25 0.00000      0.0
  2415.172677    5  10.74  -25 0.00000      0.0
  1147.847204    2  10.40  -25 0.00000      0.0
  1205.158657    2  10.65  -25 0.00000      0.0
  1066.380478    5  10.18  -25 0.00000      0.0
   557.011354    7  10.40  -25 0.51500      1.0
   890.861870    1  10.49  -25 0.00000      0.0
  2017.913697    4  10.62  -25 0.00000      0.0
  1578.127896    6  10.42  -25 0.00000      0.0
  2366.667899    6  10.65  -25 0.00000      0.0
  1079.542229    2  10.21  -25 0.02000      1.0
   700.370384    6  10.45  -25 0.00000      0.0
  1997.535306    1  10.62  -25 0.00000      0.0
  1178.493053    1  10.59  -25 0.00000      0.0
  1302.490869    3  10.60  -25 0.00000      0.0
  1503.794923    2  10.42  -25 0.00000      0.0
  1019.023314    0  10.24  -25 0.00000      0.0
   867.821187    6  10.59  -25 0.00000      0.0
  1651.153883    6  10.59  -25 0.00000      0.0
   936.493225    7  10.50  -25 0.00000      0.0
  1672.057345    6  10.72  -25 0.00000      0.0
  1534.577021    1  10.21  -25 0.00125      1.0
  1128.210884    7  10.13  -25 0.00000      0.0
  1931.015311    1  10.62  -25 0.00000      0.0
  1502.379912    1  10.51  -25 0.00000      0.0
   782.986562    6  10.48  -25 0.04875      1.0
  1503.119731    7  10.48  -25 0.00000      0.0
  1643.857794    0  10.53  -25 0.00000      0.0
   981.431483    6  10.43  -25 0.00000      0.0
  1266.778347    7  10.66  -25 0.00000      0.0
   894.796225    5  10.58  -25 0.00000      0.0
   842.687099    3  10.60  -25 0.00000      0.0
  2201.572741    5  10.50  -25 0.00000      0.0
  1005.455784    0  10.48  -25 0.00000      0.0
  1426.220575    0  10.55  -25 0.00000      0.0
  1229.298040    4  10.54  -25 0.00000      0.0
  2027.180699    6  10.70  -25 0.00000      0.0
  1148.793944    6  10.50  -25 0.00000      0.0
  1564.663292    5  10.28  -25 0.00000      0.0
  1387.638070    4  10.52  -25 0.00000      0.0
   612.783584    2  10.65  -25 0.00000      0.0
  1524.205805    2  10.47  -25 0.00000      0.0
  1768.880731    5  10.44  -25 0.00000      0.0
  1098.621580    6  10.43  -25 0.00125      1.0
  1993.778228    1  10.37  -25 0.00000      0.0
  1411.546341    4  10.53  -25 0.00000      0.0
  1530.911723    5  10.81  -25 0.00000      0.0
   910.613864    7  10.63  -25 0.00000      0.0
  1152.890042    4  10.76  -25 0.00000      0.0
  1156.318536    7  10.51  -25 0.00000      0.0
   959.150244    1  10.62  -25 0.00625      1.0
  1170.745176    0  10.62  -25 0.00000      0.0
  1511.037295    7  10.61  -25 0.00000      0.0
  1811.500400    1  10.70  -25 0.00000      0.0
  1362.268186    4  10.44  -25 0.00000      0.0
  1714.417799    0  10.65  -25 0.00000      0.0
  1659.402641    3  10.58  -25 0.00000      0.0
   874.633293    4  10.54  -25 0.00000      0.0
  2165.689109    6  10.77  -25 0.00125      1.0
  2346.891419    6  10.82  -25 0.00000      0.0
  1447.817017    3  10.71  -25 0.00000      0.0
  1757.371269    6  10.32  -25 0.00000      0.0
  1211.016730    6  10.20  -25 0.00000      0.0
  1140.971124    2  10.70  -25 0.00000      0.0
  1888.477818    5  10.59  -25 0.00000      0.0
  1858.077784    0  10.61  -25 0.00000      0.0
  1555.302732    3  10.57  -25 0.00000      0.0
  1285.789870    2  10.56  -25 0.00000      0.0
  1660.303491    2  10.34  -25 0.05625      1.0
   947.813849    6  10.45  -25 0.00000      0.0
  1426.499001    7  10.80  -25 0.00000      0.0
  2397.806684    7  10.71  -25 0.00000      0.0
  1066.810448    1  10.64  -25 0.00000      0.0
   867.156074    5  10.39  -25 0.00500      1.0
  1870.581299    1  10.53  -25 0.01375      1.0
  1399.771498    1  10.56  -25 0.00000      0.0
  1589.746451    5  10.58  -25 0.00000      0.0
  1217.790594    4  10.47  -25 0.00000      0.0
  1559.802949    2  10.65  -25 0.00000      0.0
  1266.235845    1  10.53  -25 0.00000      0.0
  1220.697100    1  10.53  -25 0.00000      0.0
  1277.491902    0  10.62  -25 0.00000      0.0
  1365.922100    2  10.36  -25 0.00375      1.0
  1257.854159    3  10.49  -25 0.00000      0.0
  1445.559497    4  10.67  -25 0.00000      0.0
  2118.995991    3  10.71  -25 0.00000      0.0
  1719.841396    3  10.83  -25 0.00000      0.0
  2241.403890    5  10.49  -25 0.00000      0.0
  1072.618481    6  10.43  -25 0.50750      1.0
  1111.151657    5  10.64  -25 0.00000      0.0
  1335.797527    5  10.61  -25 0.00000      0.0
  1206.440741    3  10.71  -25 0.00000      0.0
  2047.426518    3  10.86  -25 0.00000      0.0
  1909.485986    7  10.45  -25 0.00000      0.0
  1912.061062    4  10.38  -25 0.00000      0.0
  1647.982588    2  10.56  -25 0.00000      0.0
  1415.067446    3  10.70  -25 0.00000      0.0
  1282.407029    4  10.65  -25 0.00000      0.0
   923.366337    7  10.46  -25 0.00000      0.0
  2086.690382    5  10.51  -25 0.00000      0.0
   731.425689    5  10.33  -25 0.02250      1.0
  1310.808521    3  10.48  -25 0.00000      0.0
  1470.748073    6  10.50  -25 0.49750      1.0
  1381.451176    3  10.69  -25 0.00000      0.0
  1921.638031    0  10.78  -25 0.00625      1.0
   866.961188    5  10.57  -25 0.00000      0.0
  2013.404824    4  10.55  -25 0.00250      1.0
  2288.568955    7  10.65  -25 0.00125      1.0
   853.001870    5  10.53  -25 0.00000      0.0
  1750.056445    4  10.69  -25 0.00000      0.0
  1767.065632    4  10.53  -25 0.00000      0.0
  1026.776765    2  10.41  -25 0.00000      0.0
   980.309897    4  10.61  -25 0.00000      0.0
  3159.806778    6  10.76  -25 0.00000      0.0
  1271.526277    6  10.71  -25 0.00000      0.0
   590.390998    1  10.63  -25 0.22500      1.0
   938.945749    6  10.47  -25 0.00000      0.0
   700.611694    0  10.56  -25 0.00000      0.0
  2204.479366    0  10.77  -25 0.00000      0.0
  1448.286355    3  10.61  -25 0.10500      1.0
  1314.953118    5  10.61  -25 0.00000      0.0
  1076.404374    6  10.76  -25 0.00000      0.0
  2151.479232    2  10.30  -25 0.15750      1.0
  1694.124548    6  10.56  -25 0.00000      0.0
  1216.188701    2  10.59  -25 0.00000      0.0
   631.656902    5  10.63  -25 0.00000      0.0
  1058.643510    6  10.57  -25 0.00000      0.0
  1488.207388    7  10.56  -25 0.00000      0.0
  1435.272711    7  10.51  -25 0.44250      1.0
  1561.245589    2  10.62  -25 0.00000      0.0
  1570.113096    2  10.78  -25 0.00000      0.0
  1582.717878    5  10.76  -25 0.00000      0.0
   920.688156    2  10.59  -25 0.16125      1.0
  1210.952816    6  10.61  -25 0.00000      0.0
  1152.111803    3  10.53  -25 0.00000      0.0
   832.842022    5  10.61  -25 0.00000      0.0
  1128.909556    1  10.69  -25 0.00000      0.0
  1686.870318    3  10.76  -25 0.00000      0.0
  1773.827638    6  10.65  -25 0.00000      0.0
  1909.407486    1  10.07  -25 0.00000      0.0
  2135.455087    2  10.57  -25 0.15125      1.0
  2104.476384    2  10.61  -25 0.00000      0.0
  2076.117344    5  10.73  -25 0.00000      0.0
   717.975315    7  10.68  -25 0.00000      0.0
  1649.532662    5  10.55  -25 0.00000      0.0
  1334.828731    3  10.56  -25 0.00000      0.0
   990.655440    6  10.66  -25 0.00000      0.0
   970.332840    3  10.64  -25 0.00000      0.0
  2691.450035    3  10.56  -25 0.00000      0.0
  1329.025798    6  10.75  -25 0.00000      0.0
  1438.018779    2  10.33  -25 0.00000      0.0
  1480.830902    5  10.65  -25 0.00000      0.0
   912.917333    1  10.75  -25 0.19250      1.0
   916.985921    2  10.53  -25 0.00000      0.0
  1756.959087    1  10.78  -25 0.00000      0.0
  1423.627712    5  10.71  -25 0.00000      0.0
  1867.536885    5  10.69  -25 0.00000      0.0
   896.121116    5  10.63  -25 0.00000      0.0
  1332.917346    4  10.52  -25 0.00000      0.0
  1446.333822    1  10.72  -25 0.00000      0.0
  2343.207623    6  10.73  -25 0.00000      0.0
  1391.196765    5  10.70  -25 0.00000      0.0
   972.568245    3  10.59  -25 0.00000      0.0
  1959.970807    3  10.34  -25 0.00000      0.0
  2031.741273    5  10.51  -25 0.05625      1.0
  2081.356668    1  10.73  -25 0.00000      0.0
   460.171100    0  10.69  -25 0.00375      1.0
  1137.159499    5  10.64  -25 0.00000      0.0
  1211.313179    0  10.45  -25 0.29750      1.0
  1371.383999    0  10.49  -25 0.00000      0.0
  1041.236370    3  10.53  -25 0.03125      1.0
  1184.846078    7  10.77  -25 0.00000      0.0
   645.323032    6  10.50  -25 0.00000      0.0
  1810.865643    5  10.72  -25 0.00000      0.0
   961.073843    2  10.46  -25 0.01250      1.0
  1654.878352    0  10.52  -25 0.00875      1.0
  1306.014226    2  10.67  -25 0.00000      0.0
   925.404366    0  10.53  -25 0.00250      1.0
  1026.072876    4  10.55  -25 0.00000      0.0
  1080.670040    4  10.70  -25 0.00000      0.0
  1907.362224    6  10.41  -25 0.00000      0.0
  1553.571587    5  10.39  -25 0.00000      0.0
  1081.647848    5  10.49  -25 0.00000      0.0
  1800.660202    1  10.74  -25 0.00000      0.0
  1389.987489    5  10.63  -25 0.00000      0.0
  1083.975093    6  10.59  -25 0.00000      0.0
  1357.340371    1  10.63  -25 0.00000      0.0
  2391.017287    5  10.74  -25 0.00000      0.0
  1624.884217    3  10.60  -25 0.04875      1.0
  2411.837268    7  10.68  -25 0.00000      0.0
  1010.873926    1  10.52  -25 0.00000      0.0
  1917.419677    2  10.20  -25 0.00000      0.0
   895.147991    1  10.52  -25 0.00000      0.0
   902.552106    4  10.85  -25 0.00000      0.0
  1442.701490    2  10.67  -25 0.15125      1.0
  1145.137184    5  10.71  -25 0.00000      0.0
  1914.903417    0  10.75  -25 0.00000      0.0
  1381.415246    2  10.64  -25 0.00000      0.0
  1528.653373    4  10.69  -25 0.00000      0.0
  1107.547309    1  10.33  -25 0.00000      0.0
  1290.935279    1  10.47  -25 0.00000      0.0
  1581.690266    7  10.58  -25 0.00000      0.0
  1418.649382    2  10.66  -25 0.00000      0.0
  1705.205818    7  10.63  -25 0.00000      0.0
   648.600159    4  10.62  -25 0.00000      0.0
  1254.016447    3  10.41  -25 0.00000      0.0
  1272.791997    7  10.45  -25 0.00000      0.0
  2009.557625    5  10.64  -25 0.00000      0.0
  1591.253480    7  10.63  -25 0.00000      0.0
  1239.608424    6  10.68  -25 0.00000      0.0
   767.722927    0  10.47  -25 0.00000      0.0
  1226.475132    3  10.45  -25 0.00000      0.0
  1135.561757    1  10.58  -25 0.00000      0.0
   927.650621    5  10.56  -25 0.00000      0.0
  1150.321606    7  10.64  -25 0.00000      0.0
  1403.355569    7  10.59  -25 0.09875      1.0
  1118.144300    6  10.67  -25 0.00000      0.0
  1208.869015    6  10.56  -25 0.00000      0.0
  1419.794506    1  10.65  -25 0.08500      1.0
  2179.137229    7  10.69  -25 0.00000      0.0
  1265.526976    0  10.41  -25 0.00000      0.0
  1399.358604    2  10.49  -25 0.00000      0.0
  2197.697320    1  10.80  -25 0.01625      1.0
  1191.098428    1  10.68  -25 0.00000      0.0
  1306.651711    3  10.68  -25 0.00000      0.0
  1467.445510    6  10.58  -25 0.00000      0.0
  1221.677873    1  10.54  -25 0.00000      0.0
  1791.028805    5  10.40  -25 0.00000      0.0
  1710.123080    6  10.68  -25 0.00000      0.0
   669.821237    5  10.64  -25 0.00000      0.0
  1535.451546    4  10.70  -25 0.00000      0.0
  1574.388842    6  10.60  -25 0.00375      1.0
  1836.930641    3  10.60  -25 0.05125      1.0
   880.126971    1  10.50  -25 0.00250      1.0
  1365.885341    3  10.51  -25 0.00000      0.0
   762.141560    5  10.63  -25 0.53750      1.0
  1291.072595    7  10.50  -25 0.00000      0.0
  1182.254875    6  10.68  -25 0.00000      0.0
   792.219590    0  10.41  -25 0.18375      1.0
   903.782904    2  10.51  -25 0.00125      1.0
  1712.656653    5  10.68  -25 0.00000      0.0
   911.411964    2  10.66  -25 0.00000      0.0
   646.217300    5  10.58  -25 0.00000      0.0
  1619.268283    6  10.39  -25 0.00000      0.0
  1933.822329    2  10.63  -25 0.00000      0.0
  1306.300359    0  10.21  -25 0.00125      1.0
  1742.687786    5  10.70  -25 0.00000      0.0
  2355.259112    0  10.74  -25 0.00000      0.0
  1386.476701    3  10.66  -25 0.00000      0.0
  1017.996414    7  10.54  -25 0.14875      1.0
   982.901041    1  10.63  -25 0.00000      0.0
  1558.230227    3  21.35  -15 0.00000      0.0
  1422.953587    4  21.67  -15 0.00000      0.0
  1416.252887    3  21.76  -15 0.00000      0.0
  1577.724251    5  21.82  -15 0.00000      0.0
  1424.504490    4  21.60  -15 0.00000      0.0
  1393.718124    7  21.82  -15 0.00000      0.0
  1441.855068    3  21.81  -15 0.00000      0.0
  1416.475105    7  21.81  -15 0.00000      0.0
  1736.234917    3  21.88  -15 0.00000      0.0
  1742.273706    1  21.73  -15 0.00000      0.0
  1537.950375    2  21.74  -15 0.00000      0.0
  1536.756634    4  21.54  -15 0.00000      0.0
  1366.442665    2  21.72  -15 0.00000      0.0
  1649.010793    4  21.84  -15 0.00000      0.0
  1661.284145    0  21.76  -15 0.00000      0.0
  1316.595684    4  21.82  -15 0.00000      0.0
  1799.033408    7  21.80  -15 0.00000      0.0
  1662.786549    4  21.77  -15 0.00000      0.0
  1610.464335    1  21.76  -15 0.00000      0.0
  1579.342982    2  21.70  -15 0.00000      0.0
  1459.015681    1  21.81  -15 0.00000      0.0
  1455.322873    5  21.89  -15 0.00000      0.0
  1651.207837    3  21.81  -15 0.00000      0.0
  1491.590466    5  21.78  -15 0.00000      0.0
  1326.988243    5  21.75  -15 0.00000      0.0
  1442.461603    5  21.78  -15 0.00000      0.0
  1536.370182    7  21.63  -15 0.00000      0.0
  1499.753254    2  21.71  -15 0.00000      0.0
  1280.222317    3  21.86  -15 0.00000      0.0
  1586.402741    5  21.88  -15 0.00000      0.0
  1731.049309    2  21.84  -15 0.00000      0.0
  1430.561540    4  21.82  -15 0.00000      0.0
  1666.097412    4  21.78  -15 0.00000      0.0
  1643.347072    2  21.71  -15 0.00000      0.0
  1480.585798    4  21.71  -15 0.00000      0.0
  1476.317523    3  21.83  -15 0.00000      0.0
  1398.643568    5  21.82  -15 0.00000      0.0
  1541.226257    4  21.78  -15 0.00000      0.0
  1335.654639    2  21.81  -15 0.00000      0.0
  1547.148245    4  21.75  -15 0.00000      0.0
  1431.480533    7  21.75  -15 0.00000      0.0
  1656.295261    3  21.67  -15 0.00000      0.0
  1598.229403    2  21.71  -15 0.00000      0.0
  1509.244371    4  21.89  -15 0.00000      0.0
  1540.945579    1  21.85  -15 0.00000      0.0
  1441.261458    3  21.82  -15 0.00000      0.0
  1619.301486    4  21.84  -15 0.00000      0.0
  1331.149204    3  21.72  -15 0.00000      0.0
  1559.814095    4  21.77  -15 0.00000      0.0
  1502.025359    3  21.67  -15 0.00000      0.0
  1474.284949    0  21.79  -15 0.00000      0.0
  1662.896828    0  21.86  -15 0.00000      0.0
  1473.397143    3  21.89  -15 0.00000      0.0
  1349.315254    4  21.86  -15 0.00000      0.0
  1288.835233    0  21.77  -15 0.00000      0.0
  1572.086499    3  21.78  -15 0.00000      0.0
  1503.432900    4  21.65  -15 0.00000      0.0
  1441.846768    0  21.74  -15 0.00000      0.0
  1413.489150    4  21.86  -15 0.00000      0.0
  1333.283520    0  21.88  -15 0.00000      0.0
  1875.193693    4  21.85  -15 0.00000      0.0
  1379.919126    1  21.79  -15 0.00000      0.0
  1838.648623    1  21.78  -15 0.00000      0.0
  1323.512317    5  21.70  -15 0.00000      0.0
  1475.018720    3  21.77  -15 0.00000      0.0
  1670.684430    1  21.91  -15 0.00000      0.0
  1567.255800    4  21.88  -15 0.00000      0.0
  1700.828094    0  21.92  -15 0.00000      0.0
  1483.014784    6  21.86  -15 0.00000      0.0
  1563.460065    4  21.78  -15 0.00000      0.0
  1677.628218    4  21.78  -15 0.00000      0.0
  1356.316317    1  21.67  -15 0.00000      0.0
  1497.295216    3  21.77  -15 0.00000      0.0
  1417.773197    4  21.85  -15 0.00000      0.0
  1540.772097    2  21.90  -15 0.00000      0.0
  1581.547734    3  21.91  -15 0.00000      0.0
  1609.507990    2  21.85  -15 0.00000      0.0
  1411.124197    1  21.76  -15 0.00000      0.0
  1554.872406    2  21.64  -15 0.00000      0.0
  1717.440632    2  21.74  -15 0.00000      0.0
  1340.796728    4  21.82  -15 0.00000      0.0
  1480.464966    2  21.81  -15 0.00000      0.0
  1485.842435    0  21.84  -15 0.00000      0.0
  1482.883517    4  21.75  -15 0.00000      0.0
  1630.336510    3  21.77  -15 0.00000      0.0
  1588.487253    2  21.68  -15 0.00000      0.0
  1604.795871    2  21.88  -15 0.00000      0.0
  1440.236693    2  21.87  -15 0.00000      0.0
  1444.858454    3  21.81  -15 0.00000      0.0
  1390.802369    3  21.84  -15 0.00000      0.0
  1530.146410    3  21.77  -15 0.00000      0.0
  1423.647278    7  21.76  -15 0.00000      0.0
  1371.715903    1  21.53  -15 0.00000      0.0
  1288.402536    3  21.86  -15 0.00000      0.0
  1389.894760    1  21.83  -15 0.00000      0.0
  1621.376986    4  21.86  -15 0.00000      0.0
  1576.273191    1  21.89  -15 0.00000      0.0
  1387.078255    0  21.74  -15 0.00000      0.0
  1542.677672    2  21.71  -15 0.00000      0.0
  1301.242462    4  21.69  -15 0.00000      0.0
  1535.381109    2  21.83  -15 0.00000      0.0
  1462.889916    3  21.85  -15 0.00000      0.0
  1421.642214    4  21.83  -15 0.00000      0.0
  1109.969655    3  21.84  -15 0.00000      0.0
  1374.342917    4  21.76  -15 0.00000      0.0
  1455.379554    7  21.78  -15 0.00000      0.0
  1838.838707    5  21.70  -15 0.00000      0.0
  1757.168143    4  21.87  -15 0.00000      0.0
  1637.799677    1  21.86  -15 0.00000      0.0
  1489.872484    3  21.82  -15 0.00000      0.0
  1440.773029    3  21.84  -15 0.00000      0.0
  1532.837694    1  21.74  -15 0.00000      0.0
  1840.871755    1  21.74  -15 0.00000      0.0
  1458.491796    2  21.72  -15 0.00000      0.0
  1446.668336    3  21.85  -15 0.00000      0.0
  1511.232596    1  21.81  -15 0.00000      0.0
  1626.120291    5  21.87  -15 0.00000      0.0
  1367.188531    3  21.82  -15 0.00000      0.0
  1458.232937    3  21.69  -15 0.00000      0.0
  1562.244504    3  21.72  -15 0.00000      0.0
  1519.457164    3  21.61  -15 0.00000      0.0
  1781.599231    4  21.73  -15 0.00000      0.0
  1436.457796    4  21.80  -15 0.00000      0.0
  1543.502750    4  21.85  -15 0.00000      0.0
  1440.516422    2  21.83  -15 0.00000      0.0
  1658.558472    5  21.78  -15 0.00000      0.0
  1564.038022    1  21.77  -15 0.00000      0.0
  1579.249778    3  21.67  -15 0.00000      0.0
  1485.704408    1  21.71  -15 0.00000      0.0
  1710.421782    3  21.85  -15 0.00000      0.0
  1612.772489    2  21.86  -15 0.00000      0.0
  1609.962388    0  21.83  -15 0.00000      0.0
  1596.798621    4  21.77  -15 0.00000      0.0
  1463.845669    3  21.75  -15 0.00000      0.0
  1439.141491    3  21.68  -15 0.00000      0.0
  1464.290342    3  21.70  -15 0.00000      0.0
  1893.846987    2  21.87  -15 0.00000      0.0
  1319.762828    2  21.86  -15 0.00000      0.0
  1566.193682    4  21.84  -15 0.00000      0.0
  1459.987916    1  21.83  -15 0.00000      0.0
  1757.862308    5  21.73  -15 0.00000      0.0
  1729.162232    5  21.74  -15 0.00000      0.0
  1597.614805    2  21.65  -15 0.00000      0.0
  1269.675011    4  21.72  -15 0.00000      0.0
  1668.949965    2  21.85  -15 0.00000      0.0
  1691.987742    3  21.86  -15 0.00000      0.0
  1304.551902    1  21.84  -15 0.00000      0.0
  1507.241797    1  21.72  -15 0.00000      0.0
  1709.986714    3  21.75  -15 0.00000      0.0
  1297.949504    0  21.60  -15 0.00000      0.0
  1761.128704    0  21.72  -15 0.00000      0.0
  1619.828098    3  21.82  -15 0.00000      0.0
  1418.916542    4  21.88  -15 0.00000      0.0
  1695.873242    2  21.82  -15 0.00000      0.0
  1961.192771    2  21.85  -15 0.00000      0.0
  1432.248929    3  21.82  -15 0.00000      0.0
  1492.384950    4  21.77  -15 0.00000      0.0
  1709.848212    5  21.76  -15 0.00000      0.0
  1663.927404    4  21.85  -15 0.00000      0.0
  1289.544458    4  21.78  -15 0.00000      0.0
  1163.052675    2  21.81  -15 0.00000      0.0
  1493.538967    7  21.87  -15 0.00000      0.0
  1325.586750    2  21.75  -15 0.00000      0.0
  1685.941720    3  21.78  -15 0.00000      0.0
  1563.088792    4  21.58  -15 0.00000      0.0
  1428.924666    0  21.73  -15 0.00000      0.0
  1359.740542    2  21.87  -15 0.00000      0.0
  1522.206315    7  21.78  -15 0.00000      0.0
  1599.023294    1  21.83  -15 0.00000      0.0
  1454.635111    4  21.83  -15 0.00000      0.0
  1523.343257    2  21.76  -15 0.00000      0.0
  1512.619504    3  21.77  -15 0.00000      0.0
  1603.567979    3  21.66  -15 0.00000      0.0
  1354.049548    4  21.83  -15 0.00000      0.0
  1694.412696    3  21.86  -15 0.00000      0.0
  1527.385875    0  21.87  -15 0.00000      0.0
  1338.275724    2  21.81  -15 0.00000      0.0
  1457.361969    6  21.78  -15 0.00000      0.0
  1877.518447    2  21.75  -15 0.00000      0.0
  1359.681133    3  21.74  -15 0.00000      0.0
  1836.703917    1  21.76  -15 0.00000      0.0
  1593.343921    5  21.84  -15 0.00000      0.0
  1355.804290    3  21.86  -15 0.00000      0.0
  1355.164552    6  21.82  -15 0.00000      0.0
  1378.167349    2  21.78  -15 0.00000      0.0
  1225.499221    1  21.76  -15 0.00000      0.0
  1556.955732    2  21.71  -15 0.00000      0.0
  1555.724994    1  21.71  -15 0.00000      0.0
  1385.692771    2  21.81  -15 0.00000      0.0
  1413.745520    2  21.78  -15 0.00000      0.0
  1520.328487    5  21.83  -15 0.00000      0.0
  1599.198674    4  21.75  -15 0.00000      0.0
  1628.552004    3  21.78  -15 0.00000      0.0
  1582.040669    1  21.67  -15 0.00000      0.0
  1526.984720    2  21.72  -15 0.00000      0.0
  1462.892288    3  21.81  -15 0.00000      0.0
  1611.913616    3  21.84  -15 0.00000      0.0
  1416.673726    2  21.78  -15 0.00000      0.0
  1655.574178    3  21.80  -15 0.00000      0.0
  1768.857015    3  21.77  -15 0.00000      0.0
  1641.277856    5  21.81  -15 0.00000      0.0
  1926.688932    7  21.65  -15 0.00000      0.0
  1525.411286    5  21.71  -15 0.00000      0.0
  1679.272207    3  21.86  -15 0.00000      0.0
  1488.435061    1  21.81  -15 0.00000      0.0
  1503.439066    3  21.83  -15 0.00000      0.0
  1618.655701    4  21.77  -15 0.00000      0.0
  1310.662312    0  21.77  -15 0.00000      0.0
  1592.180061    5  21.57  -15 0.00000      0.0
  1709.420258    3  21.73  -15 0.00000      0.0
  1282.899728    5  21.84  -15 0.00000      0.0
  1440.529347    5  21.83  -15 0.00000      0.0
  1488.727716    3  21.82  -15 0.00000      0.0
  1508.533367    3  21.82  -15 0.00000      0.0
  1649.010200    4  21.75  -15 0.00000      0.0
  1494.343530    0  21.60  -15 0.00000      0.0
  1551.109636    3  21.74  -15 0.00000      0.0
  1750.918401    0  21.81  -15 0.00000      0.0
  1359.847026    4  21.83  -15 0.00000      0.0
  1769.975459    4  21.83  -15 0.00000      0.0
  1587.668698    3  21.84  -15 0.00000      0.0
  1530.008146    3  21.76  -15 0.00000      0.0
  1376.300075    4  21.59  -15 0.00000      0.0
  1504.601621    5  21.72  -15 0.00000      0.0
  1623.304973    3  21.83  -15 0.00000      0.0
  1600.008573    3  21.79  -15 0.00000      0.0
  1464.990200    2  21.82  -15 0.00000      0.0
  1261.336844    1  21.86  -15 0.00000      0.0
  1739.874364    4  21.77  -15 0.00000      0.0
  1577.402425    3  21.71  -15 0.00000      0.0
  1592.232474    4  21.78  -15 0.00000      0.0
  1330.333139    2  21.88  -15 0.00000      0.0
  1452.082684    4  21.85  -15 0.00000      0.0
  1543.594649    1  21.85  -15 0.00000      0.0
  1789.157144    1  21.85  -15 0.00000      0.0
  1580.137228    2  21.78  -15 0.00000      0.0
  1593.519656    3  21.58  -15 0.00000      0.0
  1618.050589    3  21.80  -15 0.00000      0.0
  1576.058325    4  22.02  -15 0.00000      0.0
  1238.316617    3  21.90  -15 0.00000      0.0
  1662.349820    2  21.96  -15 0.00000      0.0
  1749.503152    2  21.95  -15 0.00000      0.0
  1528.149409    3  21.83  -15 0.00000      0.0
  1467.730102    3  21.74  -15 0.00000      0.0
  1469.222901    4  21.79  -15 0.00000      0.0
  1526.178141    3  21.93  -15 0.00000      0.0
  1609.904284    4  21.96  -15 0.00000      0.0
  1618.353441    6  21.94  -15 0.00000      0.0
  1583.706832    1  21.94  -15 0.00000      0.0
  1694.973104    4  21.86  -15 0.00000      0.0
  1600.196759    5  21.80  -15 0.00000      0.0
  1756.212627    2  21.84  -15 0.00000      0.0
  1610.094960    2  21.95  -15 0.00000      0.0
  1707.753621    1  21.92  -15 0.00000      0.0
  1580.366561    4  21.97  -15 0.00000      0.0
  1309.491220    4  21.95  -15 0.00000      0.0
  1581.350061    2  21.85  -15 0.00000      0.0
  1507.450497    3  21.86  -15 0.00000      0.0
  1429.443571    4  21.69  -15 0.00000      0.0
  1406.515243    3  21.81  -15 0.00000      0.0
  1578.840204    4  21.92  -15 0.00000      0.0
  1275.644431    3  21.91  -15 0.00000      0.0
  1585.516477    2  21.91  -15 0.00000      0.0
  1619.171759    3  21.89  -15 0.00000      0.0
  1497.044894    3  21.90  -15 0.00000      0.0
  1829.415061    4  21.71  -15 0.00000      0.0
  1501.208108    2  21.80  -15 0.00000      0.0
  1521.344596    3  21.88  -15 0.00000      0.0
  1618.405023    1  21.96  -15 0.00000      0.0
  1512.699190    4  21.94  -15 0.00000      0.0
  1316.011442    2  21.91  -15 0.00000      0.0
  1553.939184    4  21.83  -15 0.00000      0.0
  1756.811573    2  21.84  -15 0.00000      0.0
  1763.398200    2  21.74  -15 0.00000      0.0
  1719.986775    5  21.83  -15 0.00000      0.0
  1751.002948    1  21.97  -15 0.00000      0.0
  1794.333858    1  21.93  -15 0.00000      0.0
  1554.822958    0  21.92  -15 0.00000      0.0
  1481.038773    2  21.95  -15 0.00000      0.0
  1388.973752    2  21.85  -15 0.00000      0.0
  1585.767628    4  21.72  -15 0.00000      0.0
  1474.745156    2  21.82  -15 0.00000      0.0
  1573.557717    3  21.92  -15 0.00000      0.0
  1745.087720    4  21.97  -15 0.00000      0.0
  1713.069429    3  22.01  -15 0.00000      0.0
  1763.152147    3  21.95  -15 0.00000      0.0
  1374.060579    2  21.85  -15 0.00000      0.0
  1736.900505    5  21.81  -15 0.00000      0.0
  1916.086486    3  21.71  -15 0.00000      0.0
  1590.261798    2  21.82  -15 0.00000      0.0
  1441.327507    2  21.92  -15 0.00000      0.0
  1668.254732    5  21.93  -15 0.00000      0.0
  1574.699757    3  21.90  -15 0.00000      0.0
  1725.674330    1  21.84  -15 0.00000      0.0
  1700.673229    5  21.80  -15 0.00000      0.0
  1613.862947    4  21.69  -15 0.00000      0.0
  1796.204927    5  21.84  -15 0.00000      0.0
  1594.224849    0  21.90  -15 0.00000      0.0
  1417.403584    4  21.93  -15 0.00000      0.0
  1546.407003    1  21.95  -15 0.00000      0.0
  1640.228782    4  21.89  -15 0.00000      0.0
  1496.553737    3  21.81  -15 0.00000      0.0
  1549.015519    2  21.88  -15 0.00000      0.0
  1383.030775    3  21.78  -15 0.00000      0.0
  1697.408612    2  21.91  -15 0.00000      0.0
  1581.545481    3  21.96  -15 0.00000      0.0
  1721.257000    3  21.91  -15 0.00000      0.0
  1594.540627    0  21.91  -15 0.00000      0.0
  1413.020049    4  21.88  -15 0.00000      0.0
  1473.537067    3  21.84  -15 0.00000      0.0
  1679.859176    2  21.68  -15 0.00000      0.0
  1366.791764    4  21.80  -15 0.00000      0.0
  1473.841342    4  21.93  -15 0.00000      0.0
  1510.847568    5  21.94  -15 0.00000      0.0
  1496.950979    4  21.96  -15 0.00000      0.0
  1333.630365    1  21.86  -15 0.00000      0.0
  1467.279262    4  21.85  -15 0.00000      0.0
  1536.014799    3  21.65  -15 0.00000      0.0
  1623.275328    2  21.86  -15 0.00000      0.0
  1439.477071    2  21.92  -15 0.00000      0.0
  1568.980067    2  21.97  -15 0.00000      0.0
  1823.100812    5  21.97  -15 0.00000      0.0
  1337.838995    3  21.94  -15 0.00000      0.0
  1592.572204    1  21.86  -15 0.00000      0.0
  1803.211918    2  21.67  -15 0.00000      0.0
  1645.511862    5  21.85  -15 0.00000      0.0
  1576.026901    3  21.94  -15 0.00000      0.0
  1704.125913    2  21.94  -15 0.00000      0.0
  1596.135998    1  21.93  -15 0.00000      0.0
  1428.646241    3  21.88  -15 0.00000      0.0
  1482.792566    3  21.89  -15 0.00000      0.0
  1477.154933    2  21.80  -15 0.00000      0.0
  1532.657216    3  21.84  -15 0.00000      0.0
  1399.816203    4  21.92  -15 0.00000      0.0
  1454.205497    5  21.95  -15 0.00000      0.0
  1475.214850    2  21.92  -15 0.00000      0.0
  1381.024052    2  21.90  -15 0.00000      0.0
  1364.687804    4  21.91  -15 0.00000      0.0
  1412.728580    5  21.74  -15 0.00000      0.0
  1638.989150    3  21.84  -15 0.00000      0.0
  1432.958628    1  21.96  -15 0.00000      0.0
  1772.515198    6  21.91  -15 0.00000      0.0
  1588.577967    1  21.97  -15 0.00000      0.0
  1424.063374    3  21.91  -15 0.00000      0.0
  1634.966572    1  21.87  -15 0.00000      0.0
  1655.911655    2  21.74  -15 0.00000      0.0
  1632.528218    4  21.84  -15 0.00000      0.0
  1628.437456    5  21.96  -15 0.00000      0.0
  1539.240403    4  21.95  -15 0.00000      0.0
  1572.572201    0  21.92  -15 0.00000      0.0
  1435.325716    1  21.83  -15 0.00000      0.0
  1672.604709    1  21.85  -15 0.00000      0.0
  1786.960100    5  21.67  -15 0.00000      0.0
  1462.798373    4  21.80  -15 0.00000      0.0
  1743.736742    2  21.94  -15 0.00000      0.0
  1590.700306    3  21.95  -15 0.00000      0.0
  1690.110152    4  21.96  -15 0.00000      0.0
  1390.134172    4  21.93  -15 0.00000      0.0
  1398.028495    3  21.87  -15 0.00000      0.0
  1626.070962    4  21.88  -15 0.00000      0.0
  1634.547393    3  21.77  -15 0.00000      0.0
  1390.623195    0  21.85  -15 0.00000      0.0
  1679.977163    3  21.96  -15 0.00000      0.0
  1649.594916    4  21.89  -15 0.00000      0.0
  1419.577979    4  21.95  -15 0.00000      0.0
  1503.941725    2  21.87  -15 0.00000      0.0
  1451.729435    6  21.90  -15 0.00000      0.0
  1667.959113    3  21.60  -15 0.00000      0.0
  1546.538627    4  21.81  -15 0.00000      0.0
  1618.736098    3  21.97  -15 0.00000      0.0
  1657.386431    2  21.98  -15 0.00000      0.0
  1648.253306    3  21.92  -15 0.00000      0.0
  1469.667456    4  21.95  -15 0.00000      0.0
  1754.128590    3  21.84  -15 0.00000      0.0
  1552.097760    2  21.89  -15 0.00000      0.0
  1373.567999    4  21.84  -15 0.00000      0.0
  1369.227746    3  21.95  -15 0.00000      0.0
  1649.627407    4  21.94  -15 0.00000      0.0
  1706.101213    4  21.98  -15 0.00000      0.0
  1645.447829    0  21.95  -15 0.00000      0.0
  1702.542282    2  21.90  -15 0.00000      0.0
  1614.514780    1  21.87  -15 0.00000      0.0
  1750.816304    5  21.73  -15 0.00000      0.0
  1478.669076    3  21.86  -15 0.00000      0.0
  1553.958157    3  21.94  -15 0.00000      0.0
  1411.953662    5  22.00  -15 0.00000      0.0
  1690.796846    3  21.96  -15 0.00000      0.0
  1465.117554    1  21.71  -15 0.00000      0.0
  1683.875707    3  21.73  -15 0.00000      0.0
  1536.207965    5  21.57  -15 0.00000      0.0
  1790.986710    1  21.65  -15 0.00000      0.0
  1327.370307    1  21.71  -15 0.00000      0.0
  1394.551502    3  21.73  -15 0.00000      0.0
  1587.560672    1  21.70  -15 0.00000      0.0
  1671.554093    5  21.66  -15 0.00000      0.0
  1470.263201    6  21.64  -15 0.00000      0.0
  1668.061447    2  21.60  -15 0.00000      0.0
  1607.610953    3  21.54  -15 0.00000      0.0
  1678.278035    5  21.77  -15 0.00000      0.0
  1480.857227    0  21.74  -15 0.00000      0.0
  1462.967230    3  21.80  -15 0.00000      0.0
  1387.416919    3  21.69  -15 0.00000      0.0
  1618.473325    4  21.63  -15 0.00000      0.0
  1775.693963    2  21.70  -15 0.00000      0.0
  1388.990116    4  21.70  -15 0.00000      0.0
  1517.814954    2  21.84  -15 0.00000      0.0
  1490.017388    2  21.84  -15 0.00000      0.0
  1651.773343    2  21.83  -15 0.00000      0.0
  1498.727777    1  21.72  -15 0.00000      0.0
  1595.339024    3  21.76  -15 0.00000      0.0
  1302.653086    4  21.69  -15 0.00000      0.0
  1410.725295    3  21.73  -15 0.00000      0.0
  1460.775641    3  21.83  -15 0.00000      0.0
  1631.853025    3  21.85  -15 0.00000      0.0
  1818.574508    3  21.86  -15 0.00000      0.0
  1722.665845    5  21.82  -15 0.00000      0.0
  1486.250942    5  21.75  -15 0.00000      0.0
  1681.268495    3  21.65  -15 0.00000      0.0
  1826.678005    3  21.87  -15 0.00000      0.0
  1462.521371    3  21.81  -15 0.00000      0.0
  1273.327740    3  21.85  -15 0.00000      0.0
  1643.623599    2  21.83  -15 0.00000      0.0
  1579.315234    1  21.75  -15 0.00000      0.0
  1679.339560    2  21.74  -15 0.00000      0.0
  1848.952604    3  21.70  -15 0.00000      0.0
  1788.740099    3  21.76  -15 0.00000      0.0
  1654.231026    3  21.72  -15 0.00000      0.0
  1567.450508    2  21.82  -15 0.00000      0.0
  1602.397005    2  21.68  -15 0.00000      0.0
  1652.567471    3  21.71  -15 0.00000      0.0
  1452.956853    4  21.62  -15 0.00000      0.0
  1458.566502    5  21.68  -15 0.00000      0.0
  1675.114685    4  21.77  -15 0.00000      0.0
  1700.007997    3  21.75  -15 0.00000      0.0
  1502.374339    4  21.73  -15 0.00000      0.0
  1827.585258    3  21.80  -15 0.00000      0.0
  1602.252930    1  21.68  -15 0.00000      0.0
  1722.378527    4  21.50  -15 0.00000      0.0
  1607.356955    3  21.69  -15 0.00000      0.0
  1621.340582    3  21.78  -15 0.00000      0.0
  1645.741670    5  21.83  -15 0.00000      0.0
  1654.930053    4  21.76  -15 0.00000      0.0
  1519.222850    2  21.75  -15 0.00000      0.0
  1475.343154    1  21.79  -15 0.00000      0.0
  1546.666337    7  21.68  -15 0.00000      0.0
  1644.073016    3  21.70  -15 0.00000      0.0
  1873.975880    4  21.81  -15 0.00000      0.0
  1452.133673    1  21.76  -15 0.00000      0.0
  1621.349119    4  21.77  -15 0.00000      0.0
  1755.743763    3  21.77  -15 0.00000      0.0
  1415.512831    4  21.73  -15 0.00000      0.0
  1470.483047    3  21.70  -15 0.00000      0.0
  1684.161247    3  21.53  -15 0.00000      0.0
  1645.241026    1  21.71  -15 0.00000      0.0
  1400.534558    2  21.80  -15 0.00000      0.0
  1597.159578    7  21.78  -15 0.00000      0.0
  1790.987065    1  21.77  -15 0.00000      0.0
  1545.601136    0  21.71  -15 0.00000      0.0
  1396.035645    0  21.70  -15 0.00000      0.0
  1493.713042    5  21.61  -15 0.00000      0.0
  1279.894800    3  21.71  -15 0.00000      0.0
  1780.138922    6  21.80  -15 0.00000      0.0
  1884.165431    5  21.80  -15 0.00000      0.0
  1405.889142    2  21.78  -15 0.00000      0.0
  1600.584277    3  21.70  -15 0.00000      0.0
  1416.483050    4  21.69  -15 0.00000      0.0
  1902.310137    3  21.53  -15 0.00000      0.0
  1716.631681    5  21.70  -15 0.00000      0.0
  1488.934637    2  21.75  -15 0.00000      0.0
  1669.786070    4  21.80  -15 0.00000      0.0
  1778.529085    2  21.79  -15 0.00000      0.0
  1480.032505    2  21.73  -15 0.00000      0.0
  1854.728620    5  21.73  -15 0.00000      0.0
  1544.726966    2  21.70  -15 0.00000      0.0
  1516.770030    2  21.67  -15 0.00000      0.0
  1562.538938    5  21.78  -15 0.00000      0.0
  1605.266158    6  21.71  -15 0.00000      0.0
  1741.273960    4  21.76  -15 0.00000      0.0
  1643.766962    2  21.78  -15 0.00000      0.0
  1601.335005    4  21.66  -15 0.00000      0.0
  1338.674389    2  21.57  -15 0.00000      0.0
  1653.729078    3  21.66  -15 0.00000      0.0
  1408.155318    2  21.78  -15 0.00000      0.0
  1333.630839    2  21.86  -15 0.00000      0.0
  1587.930522    2  21.78  -15 0.00000      0.0
  1736.006177    2  21.83  -15 0.00000      0.0
  1604.139296    2  21.76  -15 0.00000      0.0
  1749.491057    5  21.71  -15 0.00000      0.0
  1745.980032    3  21.70  -15 0.00000      0.0
  1539.086250    7  21.74  -15 0.00000      0.0
  1569.482608    5  21.83  -15 0.00000      0.0
  1586.499976    0  21.83  -15 0.00000      0.0
  1827.531423    3  21.81  -15 0.00000      0.0
  1755.834714    2  21.79  -15 0.00000      0.0
  1689.824849    1  21.76  -15 0.00000      0.0
  1417.809482    3  21.77  -15 0.00000      0.0
  1643.938547    2  21.58  -15 0.00000      0.0
  1339.373890    3  21.85  -15 0.00000      0.0
  1478.834732    4  21.80  -15 0.00000      0.0
  1610.340301    4  21.82  -15 0.00000      0.0
  1526.055767    2  32.61   -5 0.00000      0.0
  1562.333202    2  32.75   -5 0.00000      0.0
  1504.780083    3  32.81   -5 0.00000      0.0
  1594.175994    2  32.84   -5 0.00000      0.0
  1568.686819    1  32.84   -5 0.00000      0.0
  1499.593645    2  32.76   -5 0.00000      0.0
  1585.482326    1  32.78   -5 0.00000      0.0
  1618.456013    2  32.58   -5 0.00000      0.0
  1543.025941    2  32.75   -5 0.00000      0.0
  1618.190750    2  32.85   -5 0.00000      0.0
  1406.713508    2  32.84   -5 0.00000      0.0
  1424.311680    2  32.85   -5 0.00000      0.0
  1545.883118    1  32.77   -5 0.00000      0.0
  1507.397018    1  32.79   -5 0.00000      0.0
  1631.063403    2  32.63   -5 0.00000      0.0
  1629.717761    2  32.77   -5 0.00000      0.0
  1630.410029    2  32.85   -5 0.00000      0.0
  1587.877991    1  32.84   -5 0.00000      0.0
  1510.640765    3  32.85   -5 0.00000      0.0
  1528.237277    2  32.82   -5 0.00000      0.0
  1588.573579    2  32.80   -5 0.00000      0.0
  1461.184504    2  32.79   -5 0.00000      0.0
  1562.676016    3  32.79   -5 0.00000      0.0
  1584.585745    1  32.90   -5 0.00000      0.0
  1467.506816    1  32.89   -5 0.00000      0.0
  1533.486325    2  32.88   -5 0.00000      0.0
  1553.962426    1  32.82   -5 0.00000      0.0
  1492.136526    2  32.83   -5 0.00000      0.0
  1677.898461    2  32.63   -5 0.00000      0.0
  1555.418110    0  32.80   -5 0.00000      0.0
  1555.188184    2  32.89   -5 0.00000      0.0
  1544.214228    3  32.88   -5 0.00000      0.0
  1564.730646    1  32.88   -5 0.00000      0.0
  1516.953828    1  32.80   -5 0.00000      0.0
  1507.910231    3  32.82   -5 0.00000      0.0
  1598.271262    3  32.62   -5 0.00000      0.0
  1613.149572    2  32.79   -5 0.00000      0.0
  1616.274977    2  32.89   -5 0.00000      0.0
  1605.290111    1  32.86   -5 0.00000      0.0
  1652.887992    2  32.88   -5 0.00000      0.0
  1517.064463    1  32.82   -5 0.00000      0.0
  1529.115241    2  32.81   -5 0.00000      0.0
  1620.132255    1  32.64   -5 0.00000      0.0
  1597.930227    2  32.82   -5 0.00000      0.0
  1549.925618    1  32.91   -5 0.00000      0.0
  1587.199478    2  32.92   -5 0.00000      0.0
  1632.189080    2  32.91   -5 0.00000      0.0
  1522.300704    1  32.91   -5 0.00000      0.0
  1465.330286    1  32.83   -5 0.00000      0.0
  1557.609936    1  32.65   -5 0.00000      0.0
  1546.066561    1  32.83   -5 0.00000      0.0
  1579.339069    2  32.92   -5 0.00000      0.0
  1556.880316    0  32.92   -5 0.00000      0.0
  1537.432301    2  32.92   -5 0.00000      0.0
  1598.984400    1  32.92   -5 0.00000      0.0
  1537.698275    1  32.85   -5 0.00000      0.0
  1596.080028    2  32.85   -5 0.00000      0.0
  1547.217495    2  32.85   -5 0.00000      0.0
  1541.594921    1  32.92   -5 0.00000      0.0
  1443.235098    2  32.92   -5 0.00000      0.0
  1556.217455    2  32.91   -5 0.00000      0.0
  1593.808635    2  32.93   -5 0.00000      0.0
  1533.349602    2  32.85   -5 0.00000      0.0
  1438.053048    2  32.82   -5 0.00000      0.0
  1623.763402    1  32.83   -5 0.00000      0.0
  1588.576899    1  32.92   -5 0.00000      0.0
  1572.399193    2  32.93   -5 0.00000      0.0
  1513.192481    1  32.92   -5 0.00000      0.0
  1549.857909    2  32.91   -5 0.00000      0.0
  1594.092989    2  32.85   -5 0.00000      0.0
  1619.284410    1  32.83   -5 0.00000      0.0
  1503.471912    2  32.69   -5 0.00000      0.0
  1477.873763    3  32.82   -5 0.00000      0.0
  1562.717637    1  32.92   -5 0.00000      0.0
  1627.293281    2  32.93   -5 0.00000      0.0
  1538.979647    1  32.91   -5 0.00000      0.0
  1603.812846    2  32.85   -5 0.00000      0.0
  1588.236694    2  32.84   -5 0.00000      0.0
  1583.285519    1  32.66   -5 0.00000      0.0
  1603.816996    2  32.83   -5 0.00000      0.0
  1623.635335    2  32.93   -5 0.00000      0.0
  1564.132174    2  32.93   -5 0.00000      0.0
  1569.082638    2  32.91   -5 0.00000      0.0
  1605.307187    3  32.90   -5 0.00000      0.0
  1562.610085    2  32.86   -5 0.00000      0.0
  1496.197642    2  32.84   -5 0.00000      0.0
  1664.725089    2  32.83   -5 0.00000      0.0
  1562.929539    2  32.92   -5 0.00000      0.0
  1621.544302    3  32.92   -5 0.00000      0.0
  1600.540521    2  32.92   -5 0.00000      0.0
  1606.501521    2  32.93   -5 0.00000      0.0
  1495.716920    3  32.85   -5 0.00000      0.0
  1574.218561    2  32.83   -5 0.00000      0.0
  1575.195658    3  32.67   -5 0.00000      0.0
  1643.390235    1  32.82   -5 0.00000      0.0
  1574.695844    2  32.91   -5 0.00000      0.0
  1594.530666    1  32.91   -5 0.00000      0.0
  1520.091446    2  32.91   -5 0.00000      0.0
  1607.473756    2  32.92   -5 0.00000      0.0
  1469.093531    3  32.85   -5 0.00000      0.0
  1587.028249    2  32.85   -5 0.00000      0.0
  1560.990524    1  32.65   -5 0.00000      0.0
  1488.521743    2  32.82   -5 0.00000      0.0
  1501.378270    3  32.92   -5 0.00000      0.0
  1546.339176    2  32.91   -5 0.00000      0.0
  1614.226276    0  32.92   -5 0.00000      0.0
  1625.642059    2  32.92   -5 0.00000      0.0
  1601.343543    1  32.83   -5 0.00000      0.0
  1596.325607    2  32.84   -5 0.00000      0.0
  1598.781155    2  32.68   -5 0.00000      0.0
  1534.628840    0  32.94   -5 0.00000      0.0
  1419.517267    3  32.91   -5 0.00000      0.0
  1466.853561    2  32.93   -5 0.00000      0.0
  1562.002365    3  32.93   -5 0.00000      0.0
  1537.890137    2  32.83   -5 0.00000      0.0
  1592.033971    1  32.84   -5 0.00000      0.0
  1595.213922    2  32.67   -5 0.00000      0.0
  1448.147499    2  32.82   -5 0.00000      0.0
  1526.657440    0  32.91   -5 0.00000      0.0
  1534.746590    2  32.92   -5 0.00000      0.0
  1499.132015    3  32.91   -5 0.00000      0.0
  1597.692593    2  32.83   -5 0.00000      0.0
  1483.439062    1  32.84   -5 0.00000      0.0
  1467.196849    2  32.66   -5 0.00000      0.0
  1519.555110    1  32.81   -5 0.00000      0.0
  1622.970815    1  32.92   -5 0.00000      0.0
  1543.169067    2  32.91   -5 0.00000      0.0
  1575.240481    0  32.92   -5 0.00000      0.0
  1477.186593    2  32.86   -5 0.00000      0.0
  1696.560886    2  32.84   -5 0.00000      0.0
  1450.066118    2  32.69   -5 0.00000      0.0
  1594.382442    2  32.82   -5 0.00000      0.0
  1474.404358    3  32.91   -5 0.00000      0.0
  1542.955267    1  32.91   -5 0.00000      0.0
  1497.729217    2  32.92   -5 0.00000      0.0
  1589.170391    1  32.90   -5 0.00000      0.0
  1639.554064    3  32.84   -5 0.00000      0.0
  1575.652071    1  32.70   -5 0.00000      0.0
  1562.823055    2  32.81   -5 0.00000      0.0
  1607.739493    2  32.92   -5 0.00000      0.0
  1529.737547    3  32.93   -5 0.00000      0.0
  1565.178284    1  32.90   -5 0.00000      0.0
  1555.433762    2  32.92   -5 0.00000      0.0
  1562.389646    1  32.83   -5 0.00000      0.0
  1560.872063    1  32.84   -5 0.00000      0.0
  1547.839683    3  32.66   -5 0.00000      0.0
  1604.087714    1  32.83   -5 0.00000      0.0
  1523.733502    1  32.91   -5 0.00000      0.0
  1511.058521    2  32.90   -5 0.00000      0.0
  1619.129782    2  32.91   -5 0.00000      0.0
  1645.392097    2  32.84   -5 0.00000      0.0
  1529.461256    3  32.85   -5 0.00000      0.0
  1662.927303    2  32.67   -5 0.00000      0.0
  1581.071636    2  32.82   -5 0.00000      0.0
  1597.804651    2  32.91   -5 0.00000      0.0
  1607.051138    2  32.90   -5 0.00000      0.0
  1649.697250    0  32.92   -5 0.00000      0.0
  1456.386770    2  32.91   -5 0.00000      0.0
  1561.838843    2  32.85   -5 0.00000      0.0
  1496.963074    2  32.69   -5 0.00000      0.0
  1566.104035    1  32.82   -5 0.00000      0.0
  1627.571588    3  32.92   -5 0.00000      0.0
  1441.156990    2  32.93   -5 0.00000      0.0
  1645.253003    1  32.92   -5 0.00000      0.0
  1523.012064    1  32.91   -5 0.00000      0.0
  1584.543768    2  32.82   -5 0.00000      0.0
  1532.236969    1  32.84   -5 0.00000      0.0
  1570.931533    2  32.66   -5 0.00000      0.0
  1549.459837    1  32.82   -5 0.00000      0.0
  1664.871298    1  32.91   -5 0.00000      0.0
  1572.911932    2  32.91   -5 0.00000      0.0
  1598.328180    1  32.91   -5 0.00000      0.0
  1659.948463    1  32.84   -5 0.00000      0.0
  1619.384966    2  32.83   -5 0.00000      0.0
  1582.393918    2  32.66   -5 0.00000      0.0
  1579.186219    2  32.81   -5 0.00000      0.0
  1544.147586    2  32.91   -5 0.00000      0.0
  1541.444207    2  32.91   -5 0.00000      0.0
  1481.704005    2  32.91   -5 0.00000      0.0
  1496.942678    3  32.91   -5 0.00000      0.0
  1543.566308    1  32.83   -5 0.00000      0.0
  1604.671126    2  32.84   -5 0.00000      0.0
  1563.807740    2  32.67   -5 0.00000      0.0
  1490.631038    1  32.91   -5 0.00000      0.0
  1655.496152    3  32.91   -5 0.00000      0.0
  1517.568427    0  32.91   -5 0.00000      0.0
  1603.406948    2  32.92   -5 0.00000      0.0
  1514.972006    2  32.83   -5 0.00000      0.0
  1592.774501    1  32.82   -5 0.00000      0.0
  1576.101132    2  32.69   -5 0.00000      0.0
  1514.868960    1  32.82   -5 0.00000      0.0
  1571.684751    2  32.92   -5 0.00000      0.0
  1562.991082    1  32.91   -5 0.00000      0.0
  1513.839333    2  32.91   -5 0.00000      0.0
  1528.088578    2  32.83   -5 0.00000      0.0
  1552.617139    2  32.84   -5 0.00000      0.0
  1463.601750    2  32.69   -5 0.00000      0.0
  1481.665466    2  32.82   -5 0.00000      0.0
  1580.425140    2  32.92   -5 0.00000      0.0
  1567.190818    2  32.91   -5 0.00000      0.0
  1629.349453    2  32.91   -5 0.00000      0.0
  1630.207140    1  32.92   -5 0.00000      0.0
  1562.706728    1  32.87   -5 0.00000      0.0
  1640.124550    3  32.83   -5 0.00000      0.0
  1566.169491    1  32.68   -5 0.00000      0.0
  1599.302194    1  32.81   -5 0.00000      0.0
  1614.083980    1  32.91   -5 0.00000      0.0
  1520.577979    2  32.91   -5 0.00000      0.0
  1557.365306    4  32.91   -5 0.00000      0.0
  1560.516443    1  32.82   -5 0.00000      0.0
  1491.961146    2  32.83   -5 0.00000      0.0
  1532.040601    3  32.68   -5 0.00000      0.0
  1587.718738    3  32.82   -5 0.00000      0.0
  1484.128722    2  32.92   -5 0.00000      0.0
  1497.727557    2  32.92   -5 0.00000      0.0
  1484.363272    2  32.91   -5 0.00000      0.0
  1495.506678    2  32.90   -5 0.00000      0.0
  1557.424715    2  32.84   -5 0.00000      0.0
  1557.668278    3  32.84   -5 0.00000      0.0
  1581.766157    3  32.65   -5 0.00000      0.0
  1542.330471    0  32.82   -5 0.00000      0.0
  1491.355678    2  32.91   -5 0.00000      0.0
  1571.687004    1  32.92   -5 0.00000      0.0
  1473.249630    1  32.91   -5 0.00000      0.0
  1479.149443    1  32.90   -5 0.00000      0.0
  1614.079948    2  32.83   -5 0.00000      0.0
  1571.322134    1  32.84   -5 0.00000      0.0
  1500.820945    2  32.82   -5 0.00000      0.0
  1628.737700    2  32.91   -5 0.00000      0.0
  1519.122058    1  32.92   -5 0.00000      0.0
  1417.203421    2  32.92   -5 0.00000      0.0
  1609.547003    1  32.91   -5 0.00000      0.0
  1597.076335    1  32.84   -5 0.00000      0.0
  1665.578152    2  32.84   -5 0.00000      0.0
  1560.437587    1  32.66   -5 0.00000      0.0
  1590.833945    2  32.81   -5 0.00000      0.0
  1548.520449    1  32.91   -5 0.00000      0.0
  1590.333539    2  32.92   -5 0.00000      0.0
  1610.375756    2  32.91   -5 0.00000      0.0
  1648.271448    2  32.92   -5 0.00000      0.0
  1525.881455    1  32.84   -5 0.00000      0.0
  1622.989313    2  32.83   -5 0.00000      0.0
  1503.737056    1  32.81   -5 0.00000      0.0
  1604.589068    2  32.93   -5 0.00000      0.0
  1483.338507    2  32.90   -5 0.00000      0.0
  1650.693201    2  32.91   -5 0.00000      0.0
  1605.647866    2  32.90   -5 0.00000      0.0
  1592.208283    2  32.84   -5 0.00000      0.0
  1556.605211    1  32.86   -5 0.00000      0.0
  1674.580839    3  32.64   -5 0.00000      0.0
  1510.517561    2  32.81   -5 0.00000      0.0
  1564.067430    1  32.93   -5 0.00000      0.0
  1494.735318    2  32.90   -5 0.00000      0.0
  1426.998340    3  32.90   -5 0.00000      0.0
  1562.324071    3  32.83   -5 0.00000      0.0
  1506.797479    1  32.84   -5 0.00000      0.0
  1562.052998    2  32.67   -5 0.00000      0.0
  1511.858104    2  32.80   -5 0.00000      0.0
  1483.323684    3  32.91   -5 0.00000      0.0
  1461.329645    2  32.92   -5 0.00000      0.0
  1592.251683    3  32.93   -5 0.00000      0.0
  1580.746609    2  32.81   -5 0.00000      0.0
  1539.099649    1  32.84   -5 0.00000      0.0
  1701.902544    2  32.66   -5 0.00000      0.0
  1449.652275    2  32.81   -5 0.00000      0.0
  1558.399796    1  32.91   -5 0.00000      0.0
  1651.271633    2  32.92   -5 0.00000      0.0
  1619.905886    2  32.91   -5 0.00000      0.0
  1574.031561    2  32.84   -5 0.00000      0.0
  1498.775446    1  32.84   -5 0.00000      0.0
  1647.289372    1  32.67   -5 0.00000      0.0
  1586.444955    3  32.81   -5 0.00000      0.0
  1550.092222    2  32.90   -5 0.00000      0.0
  1512.658872    2  32.92   -5 0.00000      0.0
  1615.160565    2  32.91   -5 0.00000      0.0
  1603.920635    2  32.83   -5 0.00000      0.0
  1630.581496    2  32.84   -5 0.00000      0.0
  1508.865509    0  32.68   -5 0.00000      0.0
  1545.305279    2  32.81   -5 0.00000      0.0
  1496.601287    3  32.92   -5 0.00000      0.0
  1509.415956    2  32.91   -5 0.00000      0.0
  1495.419641    2  32.90   -5 0.00000      0.0
  1545.485521    3  32.92   -5 0.00000      0.0
  1494.271908    1  32.84   -5 0.00000      0.0
  1572.059462    2  32.67   -5 0.00000      0.0
  1538.702407    1  32.82   -5 0.00000      0.0
  1550.361635    2  32.91   -5 0.00000      0.0
  1558.588100    0  32.90   -5 0.00000      0.0
  1632.122676    3  32.92   -5 0.00000      0.0
  1540.965263    1  32.91   -5 0.00000      0.0
  1664.679555    1  32.84   -5 0.00000      0.0
  1496.814731    2  32.82   -5 0.00000      0.0
  1544.665423    2  32.68   -5 0.00000      0.0
  1525.539352    2  32.82   -5 0.00000      0.0
  1481.048970    2  32.91   -5 0.00000      0.0
  1538.144134    1  32.90   -5 0.00000      0.0
  1598.788625    2  32.90   -5 0.00000      0.0
  1641.826406    2  32.89   -5 0.00000      0.0
  1511.946802    2  32.82   -5 0.00000      0.0
  1462.754617    3  32.70   -5 0.00000      0.0
  1477.925819    3  32.80   -5 0.00000      0.0
  1606.379859    0  32.91   -5 0.00000      0.0
  1589.633089    2  32.90   -5 0.00000      0.0
  1588.496977    1  32.92   -5 0.00000      0.0
  1509.755331    2  32.91   -5 0.00000      0.0
  1595.163052    2  32.83   -5 0.00000      0.0
  1602.617918    2  32.84   -5 0.00000      0.0
  1510.481868    2  32.67   -5 0.00000      0.0
  1602.893260    2  32.81   -5 0.00000      0.0
  1593.613927    2  32.91   -5 0.00000      0.0
  1543.646706    2  32.90   -5 0.00000      0.0
  1599.848134    2  32.91   -5 0.00000      0.0
  1521.666540    2  32.90   -5 0.00000      0.0
  1540.756089    1  32.84   -5 0.00000      0.0
  1500.555089    2  32.66   -5 0.00000      0.0
  1578.053546    1  32.80   -5 0.00000      0.0
  1565.197375    2  32.91   -5 0.00000      0.0
  1500.150851    2  32.89   -5 0.00000      0.0
  1482.066858    2  32.90   -5 0.00000      0.0
  1572.752086    1  32.91   -5 0.00000      0.0
  1632.529285    1  32.82   -5 0.00000      0.0
  1538.604223    2  32.81   -5 0.00000      0.0
  1556.288247    2  32.69   -5 0.00000      0.0
  1566.587959    3  32.80   -5 0.00000      0.0
  1546.827250    2  32.91   -5 0.00000      0.0
  1533.762615    3  32.90   -5 0.00000      0.0
  1512.906823    2  32.89   -5 0.00000      0.0
  1586.400132    1  32.81   -5 0.00000      0.0
  1513.588419    1  32.82   -5 0.00000      0.0
  1544.537476    3  32.65   -5 0.00000      0.0
  1659.269002    2  32.80   -5 0.00000      0.0
  1553.883807    2  32.90   -5 0.00000      0.0
  1495.041253    2  32.91   -5 0.00000      0.0
  1410.205798    3  32.90   -5 0.00000      0.0
  1567.474224    2  32.82   -5 0.00000      0.0
  1601.459395    2  32.84   -5 0.00000      0.0
  1505.337171    2  32.70   -5 0.00000      0.0
  1629.062134    1  32.81   -5 0.00000      0.0
  1554.469117    2  32.90   -5 0.00000      0.0
  1534.861138    2  32.88   -5 0.00000      0.0
  1475.965223    3  32.90   -5 0.00000      0.0
  1617.873905    2  32.84   -5 0.00000      0.0
  1468.516048    1  32.83   -5 0.00000      0.0
  1616.649570    1  32.66   -5 0.00000      0.0
  1499.973219    3  32.81   -5 0.00000      0.0
  1591.872347    2  32.89   -5 0.00000      0.0
  1567.220819    3  32.89   -5 0.00000      0.0
  1457.639090    1  32.90   -5 0.00000      0.0
  1595.549028    2  32.91   -5 0.00000      0.0
  1562.898353    2  32.82   -5 0.00000      0.0
  1580.366799    2  32.81   -5 0.00000      0.0
  1618.224071    1  32.68   -5 0.00000      0.0
  1518.467616    2  32.90   -5 0.00000      0.0
  1534.769238    2  32.90   -5 0.00000      0.0
  1581.423106    0  32.91   -5 0.00000      0.0
  1480.787977    1  32.91   -5 0.00000      0.0
  1581.866950    2  32.85   -5 0.00000      0.0
  1543.400653    1  32.84   -5 0.00000      0.0
  1646.928059    2  32.65   -5 0.00000      0.0
  1597.163846    3  32.81   -5 0.00000      0.0
  1469.674452    3  32.91   -5 0.00000      0.0
  1539.792155    1  32.90   -5 0.00000      0.0
  1552.843982    2  32.91   -5 0.00000      0.0
  1586.811248    2  32.92   -5 0.00000      0.0
  1663.645540    2  32.82   -5 0.00000      0.0
  1572.223695    3  32.83   -5 0.00000      0.0
  1587.426558    1  32.69   -5 0.00000      0.0
  1605.515887    2  32.91   -5 0.00000      0.0
  1533.849060    2  32.90   -5 0.00000      0.0
  1608.900032    2  32.91   -5 0.00000      0.0
  1532.042736    2  32.89   -5 0.00000      0.0
  1585.713675    2  32.82   -5 0.00000      0.0
  1644.077997    1  32.81   -5 0.00000      0.0
  1472.550602    2  32.66   -5 0.00000      0.0
  1646.627460    3  32.82   -5 0.00000      0.0
  1623.805379    2  32.90   -5 0.00000      0.0
  1588.239422    2  32.90   -5 0.00000      0.0
  1563.657618    1  32.88   -5 0.00000      0.0
  1664.901062    2  32.91   -5 0.00000      0.0
  1550.789352    2  32.82   -5 0.00000      0.0
  1584.956781    2  32.66   -5 0.00000      0.0
  1574.197928    1  32.81   -5 0.00000      0.0
  1629.354552    2  32.90   -5 0.00000      0.0
  1644.939478    1  32.90   -5 0.00000      0.0
  1622.740178    2  32.92   -5 0.00000      0.0
  1573.918792    2  32.90   -5 0.00000      0.0
  1562.609730    2  32.83   -5 0.00000      0.0
  1580.406997    1  32.82   -5 0.00000      0.0
  1563.549829    2  32.65   -5 0.00000      0.0
  1583.867508    2  32.91   -5 0.00000      0.0
  1553.608940    2  32.91   -5 0.00000      0.0
  1578.048329    2  32.92   -5 0.00000      0.0
  1500.197097    2  32.93   -5 0.00000      0.0
  1561.793902    2  32.82   -5 0.00000      0.0
  1571.641943    3  32.82   -5 0.00000      0.0
  1580.762618    2  32.68   -5 0.00000      0.0
  1665.695071    1  32.82   -5 0.00000      0.0
  1440.553775    2  32.90   -5 0.00000      0.0
  1518.139981    2  32.91   -5 0.00000      0.0
  1599.236382    2  32.91   -5 0.00000      0.0
  1564.925472    2  32.84   -5 0.00000      0.0
  1625.630557    1  32.80   -5 0.00000      0.0
  1520.438648    2  32.68   -5 0.00000      0.0
  1518.631493    3  32.82   -5 0.00000      0.0
  1564.937686    2  32.90   -5 0.00000      0.0
  1661.977124    2  32.92   -5 0.00000      0.0
  1632.756840    2  32.89   -5 0.00000      0.0
  1612.236509    1  32.83   -5 0.00000      0.0
  1626.208870    3  32.83   -5 0.00000      0.0
  1575.935713    2  32.67   -5 0.00000      0.0
  1600.831397    2  32.81   -5 0.00000      0.0
  1506.258772    2  32.90   -5 0.00000      0.0
  1631.376098    1  32.90   -5 0.00000      0.0
  1615.483813    1  32.92   -5 0.00000      0.0
  1580.739139    2  32.91   -5 0.00000      0.0
  1590.033176    2  32.82   -5 0.00000      0.0
  1482.469911    2  32.66   -5 0.00000      0.0
  1461.341622    3  32.81   -5 0.00000      0.0
  1565.012035    2  32.90   -5 0.00000      0.0
  1556.948736    2  32.90   -5 0.00000      0.0
  1457.716285    2  32.91   -5 0.00000      0.0
  1621.707467    2  32.92   -5 0.00000      0.0
  1551.596168    0  32.82   -5 0.00000      0.0
  1553.748508    2  32.65   -5 0.00000      0.0
  1573.885115    1  32.80   -5 0.00000      0.0
  1569.790796    1  32.90   -5 0.00000      0.0
  1584.913380    2  32.90   -5 0.00000      0.0
  1568.024078    1  32.89   -5 0.00000      0.0
  1573.351388    1  32.89   -5 0.00000      0.0
  1449.519940    3  32.85   -5 0.00000      0.0
  1495.976491    2  32.67   -5 0.00000      0.0
  1525.822639    1  32.81   -5 0.00000      0.0
  1522.665811    1  32.90   -5 0.00000      0.0
  1569.120228    2  32.89   -5 0.00000      0.0
  1672.225372    2  32.90   -5 0.00000      0.0
  1685.460643    1  32.90   -5 0.00000      0.0
  1506.266717    1  32.82   -5 0.00000      0.0
  1626.221558    1  32.83   -5 0.00000      0.0
  1523.139181    1  32.81   -5 0.00000      0.0
  1534.681489    1  32.91   -5 0.00000      0.0
  1567.757392    2  32.90   -5 0.00000      0.0
  1494.668320    1  32.89   -5 0.00000      0.0
  1425.953653    3  32.89   -5 0.00000      0.0
  1498.050805    1  32.83   -5 0.00000      0.0
  1562.016594    2  32.68   -5 0.00000      0.0
  1583.585525    1  32.80   -5 0.00000      0.0
  1591.530838    2  32.89   -5 0.00000      0.0
  1563.285990    1  32.90   -5 0.00000      0.0
  1629.814404    3  32.90   -5 0.00000      0.0
  1588.243928    2  32.90   -5 0.00000      0.0
  1560.024574    3  32.82   -5 0.00000      0.0
  1553.637399    1  32.66   -5 0.00000      0.0
  1588.863625    2  32.80   -5 0.00000      0.0
  1485.739034    2  32.89   -5 0.00000      0.0
  1495.443713    2  32.90   -5 0.00000      0.0
  1486.865185    2  32.88   -5 0.00000      0.0
  1588.149420    3  32.91   -5 0.00000      0.0
  1593.952590    0  32.80   -5 0.00000      0.0
  1515.754276    1  32.64   -5 0.00000      0.0
  1560.642137    1  32.81   -5 0.00000      0.0
  1484.913126    2  32.90   -5 0.00000      0.0
  1470.441426    2  32.89   -5 0.00000      0.0
  1538.550388    3  32.90   -5 0.00000      0.0
  1620.106997    2  32.91   -5 0.00000      0.0
  1628.905135    3  32.83   -5 0.00000      0.0
  1535.854598    3  32.83   -5 0.00000      0.0
  1629.689658    2  32.79   -5 0.00000      0.0
  1621.589362    3  32.88   -5 0.00000      0.0
  1614.920915    1  32.88   -5 0.00000      0.0
  1593.109489    2  32.88   -5 0.00000      0.0
  1540.369519    2  32.87   -5 0.00000      0.0
  1634.671664    2  32.80   -5 0.00000      0.0
  1563.200256    1  32.79   -5 0.00000      0.0
  1516.346345    2  32.63   -5 0.00000      0.0
  1601.599912    2  32.80   -5 0.00000      0.0
  1666.189786    3  32.88   -5 0.00000      0.0
  1507.280691    3  32.88   -5 0.00000      0.0
  1492.732151    1  32.87   -5 0.00000      0.0
  1430.786486    2  32.83   -5 0.00000      0.0
  1516.720226    2  32.79   -5 0.00000      0.0
  1714.102733    2  32.63   -5 0.00000      0.0
  1619.093023    2  32.79   -5 0.00000      0.0
  1634.887005    2  32.88   -5 0.00000      0.0
  1500.457143    0  32.88   -5 0.00000      0.0
  1601.183934    1  32.87   -5 0.00000      0.0
  1477.099674    1  32.82   -5 0.00000      0.0
  1561.532671    3  32.82   -5 0.00000      0.0
  1567.107812    2  32.64   -5 0.00000      0.0
  1542.759255    1  32.89   -5 0.00000      0.0
  1503.908878    2  32.88   -5 0.00000      0.0
  1578.536640    3  32.89   -5 0.00000      0.0
  1481.024069    1  32.88   -5 0.00000      0.0
  1549.321336    0  32.81   -5 0.00000      0.0
  1586.038227    2  32.80   -5 0.00000      0.0
  1563.548644    2  32.63   -5 0.00000      0.0
  1499.221898    2  32.89   -5 0.00000      0.0
  1595.121904    1  32.88   -5 0.00000      0.0
  1481.304747    1  32.88   -5 0.00000      0.0
  1674.302414    1  32.89   -5 0.00000      0.0
  1674.887130    2  32.80   -5 0.00000      0.0
  1516.433501    5  42.80    5 0.00000      0.0
  1529.745255    5  42.86    5 0.00000      0.0
  1508.755467    5  42.86    5 0.00000      0.0
  1504.225130    4  42.88    5 0.00000      0.0
  1473.146702    4  42.80    5 0.00000      0.0
  1504.902932    5  42.80    5 0.00000      0.0
  1512.738321    5  42.64    5 0.00000      0.0
  1479.990765    5  42.78    5 0.00000      0.0
  1486.750637    5  42.87    5 0.00000      0.0
  1485.829036    4  42.88    5 0.00000      0.0
  1473.346865    5  42.87    5 0.00000      0.0
  1539.061230    5  42.80    5 0.00000      0.0
  1517.947644    4  42.80    5 0.00000      0.0
  1513.689804    4  42.64    5 0.00000      0.0
  1523.599033    5  42.78    5 0.00000      0.0
  1500.695013    5  42.87    5 0.00000      0.0
  1463.589537    4  42.87    5 0.00000      0.0
  1495.693560    5  42.87    5 0.00000      0.0
  1555.195061    5  42.80    5 0.00000      0.0
  1532.128943    5  42.80    5 0.00000      0.0
  1504.678579    5  42.63    5 0.00000      0.0
  1474.468036    5  42.77    5 0.00000      0.0
  1429.841524    6  42.87    5 0.00000      0.0
  1545.912289    5  42.88    5 0.00000      0.0
  1539.977495    6  42.86    5 0.00000      0.0
  1477.811390    5  42.80    5 0.00000      0.0
  1505.158590    6  42.80    5 0.00000      0.0
  1492.804603    4  42.64    5 0.00000      0.0
  1514.106493    5  42.77    5 0.00000      0.0
  1513.582490    5  42.86    5 0.00000      0.0
  1464.043341    5  42.87    5 0.00000      0.0
  1567.501616    4  42.87    5 0.00000      0.0
  1509.336626    5  42.79    5 0.00000      0.0
  1548.338903    5  42.79    5 0.00000      0.0
  1501.350641    5  42.62    5 0.00000      0.0
  1475.926566    5  42.77    5 0.00000      0.0
  1528.522935    5  42.87    5 0.00000      0.0
  1481.220199    5  42.86    5 0.00000      0.0
  1447.870971    5  42.86    5 0.00000      0.0
  1553.319842    5  42.86    5 0.00000      0.0
  1522.308768    4  42.79    5 0.00000      0.0
  1463.832269    5  42.66    5 0.00000      0.0
  1506.686014    5  42.77    5 0.00000      0.0
  1492.370365    5  42.86    5 0.00000      0.0
  1521.750495    5  42.87    5 0.00000      0.0
  1499.475184    4  42.87    5 0.00000      0.0
  1515.665697    4  42.86    5 0.00000      0.0
  1519.433685    5  42.80    5 0.00000      0.0
  1541.902873    4  42.78    5 0.00000      0.0
  1515.814870    5  42.62    5 0.00000      0.0
  1506.426325    5  42.77    5 0.00000      0.0
  1500.992648    5  42.87    5 0.00000      0.0
  1508.322651    4  42.86    5 0.00000      0.0
  1514.856984    5  42.86    5 0.00000      0.0
  1547.449081    5  42.86    5 0.00000      0.0
  1467.607372    5  42.79    5 0.00000      0.0
  1499.014977    4  42.63    5 0.00000      0.0
  1533.242051    5  42.77    5 0.00000      0.0
  1449.866904    6  42.88    5 0.00000      0.0
  1441.109676    6  42.87    5 0.00000      0.0
  -677.894081    7  -3.20    5 0.49500      1.0
  1769.437937    5  36.99    5 0.49250      1.0
 -5524.892588    6 -13.15    5 0.50000      1.0
  1752.309459    5  42.73    5 0.45375      1.0
  1768.358743    5  42.60    5 0.45375      1.0
  1774.098355    5  42.73    5 0.45375      1.0
  1761.618082    5  42.74    5 0.45375      1.0
  1788.918087    5  42.74    5 0.45375      1.0
  1731.729720    4  42.73    5 0.45250      1.0
  1761.964690    5  42.73    5 0.45250      1.0
  1794.976678    4  42.73    5 0.45375      1.0
  1771.991195    5  42.73    5 0.45375      1.0
  1763.166495    5  42.73    5 0.45375      1.0
  1804.493764    5  42.73    5 0.45375      1.0
  1807.913602    6  42.73    5 0.45375      1.0
  1728.389804    5  42.72    5 0.45375      1.0
  1773.616210    5  42.75    5 0.45250      1.0
  1762.407823    4  42.72    5 0.45375      1.0
  1779.880656    4  42.73    5 0.45250      1.0
  1788.370486    5  42.60    5 0.45375      1.0
  1763.737694    5  42.72    5 0.45250      1.0
  1757.108734    5  42.73    5 0.45375      1.0
  1768.520130    5  42.72    5 0.45375      1.0
  1848.693745    5  42.73    5 0.45375      1.0
  1782.957798    5  42.74    5 0.45375      1.0
  1820.026753    5  42.72    5 0.45375      1.0
  1790.472429    5  42.72    5 0.45375      1.0
  1747.331247    5  42.63    5 0.45375      1.0
  1798.970560    5  42.75    5 0.45375      1.0
  1780.273748    5  42.75    5 0.45500      1.0
  1780.093744    5  42.75    5 0.45250      1.0
  1791.218296    5  42.75    5 0.52125      1.0
 -5279.994732    6 -18.20    5 0.47375      1.0
  1739.435264    5  42.73    5 0.45375      1.0
  1740.370146    4  42.75    5 0.45375      1.0
  1825.610433    4  42.75    5 0.45375      1.0
  1774.766552    5  42.60    5 0.45375      1.0
  1777.894209    5  42.75    5 0.45375      1.0
  1760.705137    5  42.73    5 0.45375      1.0
  1819.892876    5  42.73    5 0.45375      1.0
  1797.701284    6  42.74    5 0.51125      1.0
 -2523.504695    1 -18.02    5 0.52500      1.0
  1812.389273    5  42.75    5 0.45250      1.0
  1814.045120    5  42.74    5 0.45375      1.0
  1810.550695    5  42.62    5 0.45375      1.0
  1767.033853    4  42.74    5 0.45375      1.0
  1804.662147    5  42.75    5 0.45375      1.0
  1760.952969    5  42.75    5 0.45375      1.0
  1769.176113    4  42.75    5 0.45375      1.0
  1782.789890    5  42.74    5 0.45250      1.0
  1849.007625    4  42.76    5 0.45375      1.0
  1772.142977    4  42.74    5 0.45375      1.0
  1788.121113    5  42.61    5 0.45375      1.0
  1781.930424    4  42.75    5 0.45375      1.0
  1765.314329    4  42.74    5 0.45250      1.0
  1749.217375    6  42.73    5 0.45375      1.0
  1763.257920    4  42.74    5 0.45375      1.0
  1767.535445    6  42.73    5 0.45375      1.0
  1832.533114    4  42.75    5 0.45250      1.0
  1782.145765    5  42.56    5 0.45375      1.0
  1784.396288    5  42.68    5 0.45375      1.0
  1740.819919    4  42.68    5 0.45250      1.0
  1755.307983    5  42.77    5 0.45375      1.0
  1745.053332    5  42.76    5 0.45375      1.0
  1781.464287    5  42.75    5 0.45375      1.0
  1764.650757    5  42.74    5 0.45375      1.0
  1724.035322    5  42.61    5 0.45375      1.0
  1745.309227    5  42.77    5 0.45375      1.0
  1773.105013    5  42.75    5 0.45250      1.0
  1797.827334    5  42.75    5 0.45375      1.0
  1771.927636    5  42.75    5 0.45375      1.0
  1781.874336    4  42.71    5 0.45250      1.0
  1759.156131    5  42.86    5 0.45375      1.0
  1781.386855    5  42.57    5 0.45375      1.0
  1770.810260    5  42.63    5 0.45375      1.0
  1836.753246    5  42.50    5 0.45250      1.0
  1774.790979    5  42.48    5 0.45375      1.0
  1746.511862    4  42.77    5 0.45375      1.0
  1774.488838    5  42.72    5 0.45250      1.0
  1768.450524    5  42.65    5 0.45250      1.0
  1770.482861    4  42.53    5 0.45375      1.0
  1765.716433    5  42.64    5 0.45375      1.0
  1748.267908    5  42.66    5 0.45375      1.0
  1758.155318    5  42.65    5 0.45375      1.0
  1721.969901    4  42.63    5 0.45375      1.0
  1741.759544    5  42.65    5 0.45375      1.0
  1790.619350    4  42.63    5 0.45250      1.0
  1783.655877    5  42.51    5 0.45250      1.0
  1721.555939    4  42.64    5 0.45250      1.0
  1766.505343    4  42.67    5 0.45250      1.0
  1774.867700    5  42.68    5 0.45375      1.0
  1766.918356    5  42.69    5 0.45375      1.0
  1799.947775    4  42.72    5 0.45375      1.0
  1748.877289    4  42.69    5 0.45375      1.0
  1801.208040    5  42.56    5 0.45375      1.0
  1736.536702    5  42.69    5 0.45375      1.0
  1733.234140    4  42.64    5 0.45375      1.0
  1782.962423    4  42.63    5 0.45375      1.0
  1760.149354    4  42.63    5 0.45375      1.0
  1754.706666    4  42.62    5 0.45250      1.0
  1790.885561    5  42.64    5 0.45375      1.0
  1774.349981    4  42.50    5 0.45375      1.0
  1778.665214    5  42.63    5 0.45250      1.0
  1824.567643    5  42.63    5 0.45375      1.0
  1762.420036    4  42.64    5 0.45250      1.0
  1781.871846    5  42.63    5 0.45375      1.0
  1757.618627    4  42.62    5 0.45250      1.0
  1765.734220    5  42.62    5 0.45375      1.0
  1784.134346    5  42.63    5 0.45375      1.0
  1832.141682    4  42.52    5 0.45375      1.0
  1787.354614    5  42.63    5 0.45375      1.0
  1827.665418    5  42.64    5 0.45250      1.0
  1787.840909    5  42.74    5 0.45250      1.0
  1774.543503    5  42.78    5 0.45375      1.0
  1743.429620    5  42.77    5 0.45375      1.0
  1753.143311    5  42.77    5 0.45250      1.0
  1796.150380    5  42.62    5 0.45375      1.0
  1780.417229    4  42.76    5 0.45250      1.0
  1794.011558    5  42.77    5 0.45375      1.0
  1773.765977    5  42.78    5 0.45250      1.0
  1801.496307    5  42.78    5 0.45375      1.0
  1744.462568    5  42.76    5 0.45375      1.0
  1734.199378    4  42.77    5 0.45375      1.0
  1789.230663    4  42.64    5 0.45250      1.0
  1807.168803    5  42.78    5 0.45250      1.0
  1773.112603    5  42.76    5 0.45250      1.0
  1783.692755    6  42.78    5 0.45375      1.0
  1757.332020    5  42.78    5 0.45375      1.0
  1804.866223    5  42.77    5 0.45375      1.0
  1746.488264    4  42.77    5 0.45375      1.0
  1802.370240    5  42.65    5 0.45250      1.0
  1763.823427    5  42.76    5 0.45375      1.0
  1845.347426    5  42.77    5 0.45375      1.0
  1767.829641    5  42.76    5 0.45375      1.0
  1785.701139    5  42.77    5 0.45375      1.0
  1783.759871    4  42.76    5 0.45250      1.0
  1767.581928    5  42.76    5 0.45375      1.0
  1779.954294    4  42.64    5 0.45250      1.0
  1768.511118    4  42.77    5 0.45250      1.0
  1814.517423    4  42.76    5 0.45375      1.0
  1789.493791    5  42.77    5 0.45375      1.0
  1797.398787    5  42.78    5 0.45250      1.0
  1798.701384    5  42.76    5 0.45375      1.0
  1797.352541    4  42.76    5 0.45375      1.0
  1779.117477    4  42.74    5 0.45375      1.0
  1789.736287    4  42.60    5 0.45250      1.0
  1810.201953    5  42.76    5 0.45250      1.0
  1697.465174    4  42.77    5 0.45250      1.0
  1846.449624    5  42.77    5 0.45375      1.0
  1762.373197    4  42.77    5 0.45250      1.0
  1759.660924    5  42.75    5 0.45375      1.0
  1743.635949    5  42.76    5 0.45250      1.0
  1745.116179    4  42.63    5 0.45375      1.0
  1768.460485    5  42.74    5 0.45375      1.0
  1772.987027    5  42.66    5 0.45250      1.0
  1763.248434    4  42.48    5 0.45250      1.0
  1751.519600    5  42.63    5 0.45250      1.0
  1780.345133    4  42.62    5 0.45375      1.0
  1783.993118    4  42.61    5 0.45375      1.0
  1759.915989    4  42.63    5 0.45375      1.0
  1801.797025    5  42.50    5 0.45250      1.0
  1746.278497    4  42.61    5 0.45375      1.0
  1778.915892    5  42.62    5 0.45375      1.0
  1769.429044    5  42.61    5 0.45250      1.0
  1759.377519    5  42.63    5 0.45250      1.0
  1807.623082    5  42.62    5 0.45375      1.0
  1798.578180    4  42.65    5 0.45375      1.0
  1786.112255    5  42.59    5 0.45375      1.0
  1823.162592    5  42.70    5 0.45375      1.0
  1788.737253    5  42.75    5 0.45250      1.0
  1787.181132    5  42.75    5 0.45500      1.0
  1772.580298    5  42.76    5 0.45375      1.0
  1803.105908    4  42.74    5 0.45375      1.0
  1788.403451    5  42.73    5 0.45375      1.0
  1740.717347    5  42.74    5 0.45250      1.0
  1775.112212    5  42.60    5 0.45375      1.0
  1748.083161    6  42.74    5 0.45375      1.0
  1777.514991    5  42.75    5 0.45375      1.0
  1767.166543    5  42.73    5 0.45375      1.0
  1797.433649    4  42.74    5 0.45375      1.0
  1797.247242    5  42.74    5 0.45375      1.0
  1732.858242    4  42.73    5 0.45250      1.0
  1727.893786    5  42.60    5 0.45250      1.0
  1764.997484    5  42.74    5 0.45375      1.0
  1780.685693    5  42.74    5 0.45375      1.0
  1826.514721    5  42.76    5 0.45375      1.0
  1744.471105    5  42.74    5 0.45375      1.0
  1772.212820    5  42.73    5 0.45250      1.0
  1743.621008    4  42.73    5 0.45375      1.0
  1744.833129    5  42.73    5 0.45375      1.0
  1817.550454    5  42.61    5 0.45375      1.0
  1776.083972    5  42.74    5 0.45375      1.0
  1741.223801    4  42.76    5 0.45250      1.0
  1777.190913    5  42.78    5 0.45375      1.0
  1795.890335    4  42.74    5 0.45250      1.0
  1779.761721    5  42.72    5 0.45250      1.0
  1763.774572    4  42.79    5 0.45375      1.0
  1790.223649    4  42.65    5 0.45375      1.0
  1748.302415    5  42.76    5 0.45375      1.0
  1758.382636    5  42.78    5 0.45375      1.0
  1787.343942    5  42.74    5 0.45375      1.0
  1790.095465    5  42.77    5 0.45375      1.0
  1792.683585    5  42.76    5 0.45250      1.0
  1755.785504    5  42.79    5 0.45375      1.0
  1753.521225    5  42.62    5 0.45250      1.0
  1759.393171    4  42.77    5 0.45250      1.0
  1765.545322    4  42.73    5 0.45375      1.0
  1787.410584    5  42.77    5 0.45375      1.0
  1765.858372    5  42.74    5 0.45375      1.0
  1825.738143    4  42.75    5 0.45250      1.0
  1791.297033    5  42.75    5 0.45375      1.0
  1819.012422    4  42.62    5 0.45375      1.0
  1807.873166    5  42.75    5 0.45375      1.0
  1741.323171    4  42.76    5 0.45375      1.0
  1759.498826    5  42.75    5 0.45250      1.0
  1752.851250    5  42.76    5 0.45375      1.0
  1772.266655    5  42.73    5 0.45375      1.0
  1737.021575    5  42.74    5 0.45250      1.0
  1760.767984    5  42.60    5 0.45375      1.0
  1767.748177    5  42.76    5 0.45250      1.0
  1740.262239    4  42.76    5 0.45375      1.0
  1787.347381    5  42.78    5 0.45250      1.0
  1798.428651    4  42.76    5 0.45250      1.0
  1802.946062    4  42.77    5 0.45375      1.0
  1753.075958    5  42.73    5 0.45375      1.0
  1801.959954    6  42.63    5 0.45375      1.0
  1795.557956    5  42.78    5 0.45375      1.0
  1748.827367    5  42.76    5 0.45375      1.0
  1766.406211    5  42.76    5 0.45375      1.0
  1724.687510    5  42.75    5 0.45375      1.0
  1773.994598    5  42.75    5 0.45375      1.0
  1814.354850    5  42.77    5 0.45375      1.0
  1769.952336    4  42.62    5 0.45375      1.0
  1740.716992    5  42.76    5 0.45375      1.0
  1753.249559    5  42.75    5 0.45375      1.0
  1741.891405    5  42.77    5 0.45375      1.0
  1746.188495    4  42.75    5 0.45375      1.0
  1789.367623    5  42.76    5 0.45375      1.0
  1795.335382    4  42.76    5 0.45375      1.0
  1799.865600    5  42.63    5 0.45375      1.0
  1782.327547    5  42.76    5 0.45375      1.0
  1797.686580    5  42.76    5 0.45250      1.0
  1776.806952    4  42.76    5 0.45250      1.0
  1766.839382    5  42.76    5 0.45375      1.0
  1793.787087    5  42.76    5 0.45250      1.0
  1781.497015    5  42.75    5 0.45375      1.0
  1757.340795    5  42.60    5 0.45375      1.0
  1809.245489    5  42.75    5 0.45250      1.0
  1779.494679    5  42.74    5 0.45250      1.0
  1783.375910    5  42.74    5 0.45375      1.0
  1724.700317    5  42.73    5 0.45375      1.0
  1771.023229    5  42.75    5 0.45250      1.0
  1762.737118    5  42.75    5 0.45250      1.0
  1769.453708    5  42.64    5 0.45250      1.0
  1771.461025    4  42.78    5 0.45375      1.0
  1741.333962    6  42.78    5 0.45375      1.0
  1767.603035    5  42.77    5 0.45375      1.0
  1737.136241    5  42.78    5 0.45375      1.0
  1777.318149    5  42.76    5 0.45250      1.0
  1767.065632    5  42.79    5 0.45375      1.0
  1810.251875    5  42.76    5 0.45375      1.0
  1754.259620    5  42.77    5 0.45250      1.0
  1821.144129    5  42.77    5 0.45375      1.0
  1729.682441    5  42.77    5 0.45375      1.0
  1791.130665    5  42.77    5 0.45250      1.0
  1792.411444    4  42.77    5 0.47625      1.0
  2391.361405    6    NaN    5 0.52000      1.0
  1781.046413    4  42.77    5 0.45250      1.0
  1775.041775    4  42.62    5 0.45375      1.0
  1831.202176    5  42.77    5 0.45375      1.0
  1746.397907    5  42.76    5 0.45375      1.0
  1796.971307    5  42.79    5 0.45250      1.0
  1762.435689    5  42.76    5 0.45375      1.0
  1745.157326    5  42.78    5 0.45375      1.0
  1749.390620    5  42.77    5 0.45250      1.0
  1751.668062    5  42.62    5 0.45375      1.0
  1785.276031    5  42.77    5 0.45375      1.0
  1772.357961    5  42.78    5 0.45250      1.0
  1846.096138    5  42.78    5 0.45375      1.0
  1775.444353    4  42.78    5 0.45375      1.0
  1799.756151    6  42.76    5 0.45375      1.0
  1826.421755    6  42.78    5 0.45375      1.0
  1739.421271    5  42.61    5 0.45250      1.0
  1734.388276    4  42.76    5 0.45375      1.0
  1796.196626    4  42.77    5 0.45375      1.0
  1781.139379    5  42.78    5 0.45250      1.0
  1754.865681    5  42.76    5 0.45375      1.0
  1760.154453    5  42.78    5 0.45250      1.0
  1753.232009    5  42.77    5 0.45375      1.0
  1790.083725    5  42.64    5 0.45375      1.0
  1752.561322    5  42.77    5 0.45375      1.0
  1784.220672    5  42.76    5 0.45250      1.0
  1742.626954    5  42.76    5 0.45375      1.0
  1737.963927    4  42.75    5 0.45375      1.0
  1770.396417    5  42.78    5 0.45250      1.0
  1732.486258    5  42.77    5 0.45375      1.0
  1780.860954    5  42.77    5 0.45375      1.0
  1749.920434    4  42.78    5 0.45250      1.0
  1820.931160    5  42.76    5 0.45250      1.0
  1807.553238    5  42.77    5 0.45375      1.0
  1760.515410    5  42.78    5 0.45250      1.0
  1786.266171    5  42.77    5 0.45250      1.0
  1762.051135    4  42.76    5 0.45250      1.0
  1788.091824    5  42.78    5 0.45375      1.0
  1784.308184    5  42.78    5 0.45375      1.0
  1767.868179    5  42.76    5 0.45250      1.0
  1779.823619    5  42.77    5 0.45250      1.0
  1772.141791    5  42.78    5 0.45375      1.0
  1768.672742    5  42.75    5 0.45375      1.0
  1745.770264    4  42.75    5 0.45375      1.0
  1762.689449    5  42.61    5 0.45375      1.0
  1749.992294    5  42.76    5 0.45250      1.0
  1831.917804    5  42.75    5 0.45375      1.0
  1722.269670    5  42.74    5 0.45250      1.0
  1770.305703    5  42.74    5 0.45375      1.0
  1770.611639    4  42.74    5 0.45250      1.0
  1760.780554    5  42.75    5 0.45250      1.0
  1798.458178    4  42.76    5 0.45250      1.0
  1825.573436    5  42.76    5 0.45375      1.0
  1766.894047    4  42.75    5 0.45375      1.0
  1803.822366    5  42.74    5 0.45375      1.0
  1773.905308    4  42.74    5 0.45375      1.0
  1772.358199    5  42.74    5 0.45375      1.0
  1767.903753    5  42.76    5 0.45375      1.0
  1744.625615    5  42.76    5 0.45375      1.0
  1777.850809    5  42.75    5 0.45375      1.0
  1776.232908    5  42.76    5 0.45375      1.0
  1742.101054    5  42.74    5 0.45375      1.0
  1803.086461    5  42.75    5 0.45375      1.0
  1796.640944    5  42.74    5 0.45375      1.0
  1815.335030    5  42.75    5 0.45375      1.0
  1815.142219    5  42.63    5 0.45250      1.0
  1777.289571    5  42.75    5 0.45375      1.0
  1766.802978    4  42.75    5 0.45375      1.0
  1832.970554    5  42.77    5 0.45250      1.0
  1804.059288    5  42.75    5 0.45375      1.0
  1796.312597    4  42.75    5 0.45250      1.0
  1808.080799    5  42.75    5 0.45375      1.0
  1755.144580    5  42.58    5 0.45375      1.0
  1758.554457    4  42.74    5 0.45250      1.0
  1757.927527    4  42.76    5 0.45375      1.0
  1764.442057    5  42.74    5 0.45375      1.0
  1824.746817    4  42.76    5 0.50000      1.0
 -2098.784323    4 -12.39    5 0.42250      1.0
  1787.583710    5  42.75    5 0.45250      1.0
  1811.809656    5  42.74    5 0.45250      1.0
  1764.644709    5  42.61    5 0.45375      1.0
  1793.853610    5  42.77    5 0.45375      1.0
  1790.785361    4  42.76    5 0.45250      1.0
  1809.966572    5  42.75    5 0.45375      1.0
  1785.306506    5  42.75    5 0.45375      1.0
  1789.035125    4  42.76    5 0.45375      1.0
  1727.431562    5  42.73    5 0.45250      1.0
  1796.097493    4  42.61    5 0.45250      1.0
  1773.546367    5  42.74    5 0.45375      1.0
  1765.447138    5  42.75    5 0.45375      1.0
  1779.631401    5  42.74    5 0.45250      1.0
  1756.317571    5  42.75    5 0.45250      1.0
  1812.167292    5  42.75    5 0.45375      1.0
  1775.190356    4  42.75    5 0.45375      1.0
  1762.811705    4  42.60    5 0.45375      1.0
  1752.740733    5  42.73    5 0.45375      1.0
  1765.265474    4  42.74    5 0.45375      1.0
  1774.944540    5  42.75    5 0.45375      1.0
  1747.076064    5  42.75    5 0.45375      1.0
  1781.623896    4  42.76    5 0.45375      1.0
  1743.674487    5  42.74    5 0.48750      1.0
-11536.018753    2 -12.41    5 0.57750      1.0
  1805.570468    5  42.76    5 0.45375      1.0
  1755.976298    4  42.75    5 0.45250      1.0
  1751.262282    5  42.75    5 0.45250      1.0
  1743.420608    5  42.75    5 0.45375      1.0
  1787.715926    5  42.74    5 0.45375      1.0
  1735.048172    4  42.73    5 0.45250      1.0
  1764.361660    5  42.74    5 0.45375      1.0
  1738.121164    5  42.75    5 0.45250      1.0
  1803.989089    5  42.76    5 0.45375      1.0
  1759.708475    5  42.74    5 0.45375      1.0
  1787.158839    4  42.75    5 0.45250      1.0
  1742.790120    5  42.73    5 0.45250      1.0
  1793.662816    5  42.76    5 0.45375      1.0
  1772.402192    4  42.74    5 0.45375      1.0
  1709.359427    4  42.73    5 0.45250      1.0
  1727.873983    4  42.60    5 0.45375      1.0
  1772.601998    5  42.74    5 0.45375      1.0
  1784.662737    5  42.76    5 0.45375      1.0
  1752.755437    4  42.73    5 0.45250      1.0
  1770.666541    4  42.75    5 0.45375      1.0
  1763.043647    5  42.74    5 0.45375      1.0
  1758.982649    4  42.74    5 0.45375      1.0
  1728.311068    5  42.59    5 0.45375      1.0
  1790.112184    5  42.75    5 0.45375      1.0
  1748.295063    4  42.75    5 0.45250      1.0
  1739.506886    5  42.74    5 0.45250      1.0
  1729.397969    5  42.75    5 0.45375      1.0
  1782.786807    5  42.75    5 0.45250      1.0
  1800.158847    6  42.76    5 0.45375      1.0
  1774.936121    5  42.61    5 0.45375      1.0
  1802.726690    4  42.75    5 0.45250      1.0
  1800.823249    5  42.74    5 0.45250      1.0
  1767.652957    5  42.75    5 0.45250      1.0
  1764.688584    5  42.74    5 0.45375      1.0
  1816.991113    5  42.76    5 0.45375      1.0
  1738.583743    5  42.74    5 0.45250      1.0
  1792.217567    4  42.60    5 0.45375      1.0
  1789.710081    4  42.74    5 0.45375      1.0
  1785.406113    4  42.75    5 0.45375      1.0
  1758.899287    5  42.75    5 0.45250      1.0
  1752.794687    4  42.74    5 0.45375      1.0
  1753.387704    5  42.74    5 0.45250      1.0
  1768.706775    5  42.74    5 0.45250      1.0
  1799.887656    5  42.61    5 0.45375      1.0
  1754.380334    5  42.74    5 0.45250      1.0
  1749.960989    5  42.75    5 0.45375      1.0
  1747.564375    4  42.74    5 0.45250      1.0
  1782.856176    5  42.74    5 0.45250      1.0
  1806.622625    5  42.74    5 0.45375      1.0
  1784.447633    5  42.75    5 0.45375      1.0
  1767.947746    5  42.74    5 0.45375      1.0
  1808.048783    5  42.73    5 0.45375      1.0
  1776.529120    5  42.76    5 0.45375      1.0
  1753.367545    5  42.77    5 0.45375      1.0
  1750.914962    4  42.76    5 0.45375      1.0
  1735.118727    5  42.76    5 0.45250      1.0
  1752.724606    5  42.75    5 0.45375      1.0
  1734.700733    4  42.61    5 0.45375      1.0
  1771.020264    5  42.75    5 0.45250      1.0
  1769.850001    5  42.75    5 0.45250      1.0
  1766.448543    5  42.73    5 0.45375      1.0
  1819.120686    5  42.74    5 0.45375      1.0
  1788.059333    5  42.74    5 0.45375      1.0
  1753.700636    4  42.75    5 0.45375      1.0
  1747.509472    4  42.60    5 0.45375      1.0
  1783.385515    5  42.74    5 0.45375      1.0
  1732.667448    5  42.74    5 0.45250      1.0
  1808.983547    5  42.75    5 0.45250      1.0
  1761.456221    5  42.73    5 0.45375      1.0
  1758.707307    4  42.75    5 0.45250      1.0
  1744.823050    5  42.70    5 0.45375      1.0
  1785.549357    5  42.70    5 0.45250      1.0
  1748.257236    5  42.68    5 0.45375      1.0
  1783.628841    5  42.68    5 0.45375      1.0
  1754.523934    5  42.69    5 0.45375      1.0
  1821.167845    5  42.68    5 0.45375      1.0
  1797.399380    5  42.69    5 0.45250      1.0
  1778.143701    5  42.53    5 0.45375      1.0
  1817.909276    5  42.68    5 0.45375      1.0
  1781.919278    4  42.70    5     NaN      NaN